22289117.560997;  102.42; 0; 0; 102.42; -37; 168; 0; 
22387395.194992;  93.42; 0; 0; 93.42; -37; 168; 0; 
22481840.674995;  84.42; 0; 0; 84.42; -37; 168; 0; 
22593971.828995;  74.42; 0; 0; 74.42; -37; 168; 0; 
22690797.737000;  67.42; 0; 0; 67.42; -37; 168; 0; 
22784863.326996;  61.42; 0; 0; 61.42; -37; 168; 0; 
22880748.149994;  55.42; 0; 0; 55.42; -37; 168; 0; 
22995366.419998;  48.42; 0; 0; 48.42; -37; 168; 0; 
23090500.506996;  44.42; 0; 0; 44.42; -37; 168; 0; 
23187330.622993;  39.42; 0; 0; 39.42; -37; 168; 0; 
23280726.639999;  36.42; 0; 0; 36.42; -37; 168; 0; 
23392794.154999;  32.42; 0; 0; 32.42; -37; 168; 0; 
23489845.300995;  28.42; 0; 0; 28.42; -37; 168; 0; 
23586611.255997;  26.42; 0; 0; 26.42; -37; 168; 0; 
23682778.381996;  23.42; 0; 0; 23.42; -37; 168; 0; 
23793627.870003;  20.42; 0; 0; 20.42; -37; 168; 0; 
23891600.827995;  18.42; 0; 0; 18.42; -37; 168; 0; 
23984737.989998;  17.42; 0; 0; 17.42; -37; 168; 0; 
24082336.613998;  15.42; 0; 0; 15.42; -37; 168; 0; 
24193574.751999;  13.42; 0; 0; 13.42; -37; 168; 0; 
24288775.918999;  12.42; 0; 0; 12.42; -37; 168; 0; 
24384863.873993;  11.42; 0; 0; 11.42; -37; 168; 0; 
24481311.733994;  10.42; 0; 0; 10.42; -37; 168; 0; 
24593247.965996;  8.42; 0; 0; 8.42; -37; 168; 0; 
24689681.469994;  8.42; 0; 0; 8.42; -37; 168; 0; 
24784780.562996;  7.42; 0; 0; 7.42; -37; 168; 0; 
24880821.336998;  6.42; 0; 0; 6.42; -37; 168; 0; 
24994887.028000;  5.42; 0; 0; 5.42; -37; 168; 0; 
25089769.027992;  5.42; 0; 0; 5.42; -37; 168; 0; 
25187134.437996;  4.42; 0; 0; 4.42; -37; 168; 0; 
25280782.454994;  4.42; 0; 0; 4.42; -37; 168; 1; 
25392766.782997;  4.60; -1; 7; 4.42; -36; 161; 1; 
25488737.889000;  4.89; -2; 15; 4.42; -35; 153; 1; 
25586799.659996;  5.20; -3; 23; 4.42; -34; 145; 1; 
25681878.395996;  5.45; -4; 30; 4.42; -33; 138; 1; 
25793931.941994;  5.51; -6; 39; 4.42; -31; 129; 1; 
25889159.221001;  5.92; -7; 47; 4.42; -30; 121; 1; 
25985536.083000;  6.27; -8; 54; 4.42; -29; 114; 1; 
26081192.017998;  6.80; -9; 62; 4.42; -28; 106; 1; 
26192797.885002;  7.55; -10; 71; 4.42; -27; 97; 1; 
26289862.173996;  7.52; -12; 78; 4.42; -25; 90; 1; 
26385296.756996;  8.31; -13; 86; 4.42; -24; 82; 1; 
26481218.440002;  7.05; -14; 93; 2.42; -23; 75; 1; 
26593822.129997;  4.40; -16; 101; -0.58; -21; 67; 1; 
26690374.209999;  3.15; -17; 107; -2.58; -20; 61; 1; 
26785458.631996;  0.82; -19; 112; -4.58; -18; 56; 1; 
26881458.856995;  0.43; -20; 117; -5.58; -17; 51; 1; 
26994080.008003;  -2.94; -22; 122; -8.58; -15; 46; 1; 
27088719.431000;  -4.80; -24; 126; -9.58; -13; 42; 1; 
27185758.293999;  -5.47; -25; 130; -10.58; -12; 38; 1; 
27281009.529991;  -6.55; -26; 133; -11.58; -11; 35; 1; 
27394151.350998;  -9.29; -28; 136; -12.58; -9; 32; 1; 
27488725.509003;  -9.58; -29; 139; -12.58; -8; 29; 1; 
27584774.809998;  -10.47; -30; 141; -12.58; -7; 27; 1; 
27682020.786995;  -11.50; -31; 143; -12.58; -6; 25; 1; 
27792749.849998;  -14.70; -33; 146; -12.58; -4; 22; 1; 
27888754.391998;  -13.22; -33; 147; -11.58; -4; 21; 1; 
27986260.086998;  -15.03; -34; 149; -11.58; -3; 19; 1; 
28081045.710999;  -16.29; -35; 151; -10.58; -2; 17; 1; 
28193234.431992;  -14.88; -35; 152; -9.58; -2; 16; 1; 
28288747.042999;  -17.19; -36; 153; -8.58; -1; 15; 1; 
28387302.250992;  -15.60; -36; 155; -7.58; -1; 13; 1; 
28481404.379997;  -19.00; -37; 156; -6.58; 0; 12; 1; 
28592775.077995;  -18.00; -37; 157; -5.58; 0; 11; 1; 
28688792.700996;  -22.71; -38; 158; -4.58; 1; 10; 1; 
28784757.183998;  -22.34; -38; 159; -3.58; 1; 9; 1; 
28881127.891998;  -21.34; -38; 159; -2.58; 1; 9; 1; 
28992746.753998;  -21.13; -38; 160; -1.58; 1; 8; 1; 
29088870.904999;  -21.13; -38; 161; -0.58; 1; 7; 1; 
29187239.946991;  -20.13; -38; 161; 0.42; 1; 7; 1; 
29283604.574989;  -29.43; -39; 162; 1.42; 2; 6; 1; 
29392709.636993;  -28.43; -39; 162; 2.42; 2; 6; 1; 
29488910.241997;  -30.80; -39; 163; 3.42; 2; 5; 1; 
29584728.771996;  -29.80; -39; 163; 4.42; 2; 5; 1; 
29683276.054993;  -33.57; -39; 164; 5.42; 2; 4; 1; 
29792847.922997;  -32.57; -39; 164; 6.42; 2; 4; 1; 
29889666.373993;  -31.57; -39; 164; 7.42; 2; 4; 1; 
29986160.679001;  -37.69; -39; 165; 8.42; 2; 3; 1; 
30082142.773994;  -37.69; -39; 165; 8.42; 2; 3; 1; 
30199318.973000;  -36.69; -39; 165; 9.42; 2; 3; 1; 
30289730.904991;  -35.69; -39; 165; 10.42; 2; 3; 1; 
30386593.407997;  -35.69; -39; 165; 10.42; 2; 3; 1; 
30483105.464996;  -46.00; -39; 166; 11.42; 2; 2; 1; 
30594351.747002;  -45.00; -39; 166; 12.42; 2; 2; 1; 
30688710.162994;  -45.00; -39; 166; 12.42; 2; 2; 1; 
30785932.536995;  -45.00; -39; 166; 12.42; 2; 2; 1; 
30882079.459999;  -44.00; -39; 166; 13.42; 2; 2; 1; 
30992870.814995;  -44.00; -39; 166; 13.42; 2; 2; 1; 
31088743.914993;  -61.43; -39; 167; 14.42; 2; 1; 1; 
31184760.056000;  -61.43; -39; 167; 14.42; 2; 1; 1; 
31281192.094994;  -61.43; -39; 167; 14.42; 2; 1; 1; 
31394179.616997;  -60.43; -39; 167; 15.42; 2; 1; 1; 
31488729.400002;  -60.43; -39; 167; 15.42; 2; 1; 1; 
31584895.659996;  -60.43; -39; 167; 15.42; 2; 1; 1; 
31681698.682991;  -59.43; -39; 167; 16.42; 2; 1; 1; 
31792693.860001;  -59.43; -39; 167; 16.42; 2; 1; 1; 
31888734.031998;  -59.43; -39; 167; 16.42; 2; 1; 1; 
31987699.138000;  -58.43; -39; 167; 17.42; 2; 1; 1; 
32080779.675995;  -58.43; -39; 167; 17.42; 2; 1; 1; 
32194242.926994;  -58.43; -39; 167; 17.42; 2; 1; 1; 
32288765.615997;  -58.43; -39; 167; 17.42; 2; 1; 1; 
32385121.450996;  -58.43; -39; 167; 17.42; 2; 1; 1; 
32481669.503998;  -57.43; -39; 167; 18.42; 2; 1; 1; 
32594159.237999;  -57.43; -39; 167; 18.42; 2; 1; 1; 
32691522.230995;  -57.43; -39; 167; 18.42; 2; 1; 1; 
32786476.973000;  -57.43; -39; 167; 18.42; 2; 1; 1; 
32880797.754997;  -56.43; -39; 167; 19.42; 2; 1; 1; 
32992884.851997;  -56.43; -39; 167; 19.42; 2; 1; 1; 
33090088.294991;  -83.00; -39; 168; 19.42; 2; 0; 1; 
33185169.864998;  -83.00; -39; 168; 19.42; 2; 0; 1; 
33280993.319000;  -56.43; -39; 167; 19.42; 2; 1; 1; 
33392802.204994;  -83.00; -39; 168; 19.42; 2; 0; 1; 
33488784.941002;  -56.43; -39; 167; 19.42; 2; 1; 1; 
33585714.189995;  -82.00; -39; 168; 20.42; 2; 0; 1; 
33681964.759995;  -55.43; -39; 167; 20.42; 2; 1; 1; 
33794514.393997;  -82.00; -39; 168; 20.42; 2; 0; 1; 
33890636.242996;  -82.00; -39; 168; 20.42; 2; 0; 1; 
33985119.196991;  -55.43; -39; 167; 20.42; 2; 1; 1; 
34081413.903992;  -82.00; -39; 168; 20.42; 2; 0; 1; 
34194035.643997;  -55.43; -39; 167; 20.42; 2; 1; 1; 
34290711.621994;  -82.00; -39; 168; 20.42; 2; 0; 1; 
34385329.774002;  -54.43; -39; 167; 21.42; 2; 1; 1; 
34483283.299995;  -81.00; -39; 168; 21.42; 2; 0; 1; 
34595748.438995;  -54.43; -39; 167; 21.42; 2; 1; 1; 
34689108.670998;  -81.00; -39; 168; 21.42; 2; 0; 1; 
34787000.084991;  -54.43; -39; 167; 21.42; 2; 1; 1; 
34880758.706001;  -81.00; 1; 0; -81.00; 293; 0; 0; 
34993066.173996;  -73.00; 1; 0; -73.00; 293; 0; 0; 
35088851.971992;  -66.00; 1; 0; -66.00; 293; 0; 0; 
35187070.221992;  -58.80; 1; -1; -59.00; 293; 1; 0; 
35281885.566994;  -53.80; 1; -1; -54.00; 293; 1; 0; 
35395113.197998;  -48.00; 1; 0; -48.00; 293; 0; 0; 
35488851.451996;  -42.80; 1; -1; -43.00; 293; 1; 0; 
35586373.888000;  -38.80; 1; -1; -39.00; 293; 1; 0; 
35682793.980995;  -34.80; 1; -1; -35.00; 293; 1; 0; 
35794793.200996;  -30.80; 1; -1; -31.00; 293; 1; 0; 
35889204.534996;  -27.80; 1; -1; -28.00; 293; 1; 0; 
35986961.822998;  -25.80; 1; -1; -26.00; 293; 1; 0; 
36081391.317001;  -22.80; 1; -1; -23.00; 293; 1; 0; 
36192804.952995;  -20.80; 1; -1; -21.00; 293; 1; 0; 
36289144.345001;  -18.80; 1; -1; -19.00; 293; 1; 0; 
36384748.225998;  -16.80; 1; -1; -17.00; 293; 1; 0; 
36480735.120995;  -14.80; 1; -1; -15.00; 293; 1; 0; 
36592717.331993;  -12.80; 1; -1; -13.00; 293; 1; 0; 
36689605.930000;  -11.80; 1; -1; -12.00; 293; 1; 0; 
36785676.377998;  -10.81; 0; -1; -11.00; 294; 1; 0; 
36881072.087997;  -9.81; 0; -1; -10.00; 294; 1; 0; 
36994175.902000;  -8.81; 0; -1; -9.00; 294; 1; 0; 
37090883.382996;  -7.81; 0; -1; -8.00; 294; 1; 0; 
37185083.719994;  -6.80; 1; -1; -7.00; 293; 1; 0; 
37281065.667000;  -6.81; 0; -1; -7.00; 294; 1; 0; 
37393034.361000;  -5.81; 0; -1; -6.00; 294; 1; 0; 
37488972.729996;  -4.81; 0; -1; -5.00; 294; 1; 0; 
37587817.515999;  -4.81; 0; -1; -5.00; 294; 1; 1; 
37684068.926994;  -5.00; 7; 0; -5.00; 287; 0; 1; 
37793023.456993;  -5.21; 16; 1; -5.00; 278; -1; 1; 
37891503.995003;  -5.21; 24; 1; -5.00; 270; -1; 1; 
37984794.719002;  -5.44; 31; 2; -5.00; 263; -2; 1; 
38081023.588997;  -5.67; 39; 3; -5.00; 255; -3; 1; 
38193104.553993;  -5.93; 47; 4; -5.00; 247; -4; 1; 
38289056.857002;  -5.96; 55; 4; -5.00; 239; -4; 1; 
38385493.182999;  -6.23; 62; 5; -5.00; 232; -5; 1; 
38481900.784996;  -6.53; 70; 6; -5.00; 224; -6; 1; 
38596123.623993;  -6.86; 79; 7; -5.00; 215; -7; 1; 
38689902.333992;  -6.94; 87; 7; -5.00; 207; -7; 1; 
38785075.229996;  -7.29; 94; 8; -5.00; 200; -8; 1; 
38882192.280991;  -7.68; 102; 9; -5.00; 192; -9; 1; 
38993159.997993;  -8.13; 111; 10; -5.00; 183; -10; 1; 
39090051.278992;  -8.27; 119; 10; -5.00; 175; -10; 1; 
39184757.286995;  -8.75; 126; 11; -5.00; 168; -11; 1; 
39281606.265999;  -9.29; 134; 12; -5.00; 160; -12; 1; 
39392778.381996;  -9.92; 143; 13; -5.00; 151; -13; 1; 
39489218.640999;  -10.16; 150; 13; -5.00; 144; -13; 1; 
39586789.768997;  -10.88; 158; 14; -5.00; 136; -14; 1; 
39681037.195992;  -11.68; 166; 15; -5.00; 128; -15; 1; 
39793227.868996;  -12.66; 175; 16; -5.00; 119; -16; 1; 
39890443.028999;  -13.13; 182; 16; -5.00; 112; -16; 1; 
39984982.255997;  -14.28; 190; 17; -5.00; 104; -17; 1; 
40080962.186996;  -14.51; 197; 18; -4.00; 97; -18; 1; 
40194383.675995;  -14.56; 206; 18; -3.00; 88; -18; 1; 
40290669.409996;  -13.20; 213; 19; 0.00; 81; -19; 1; 
40384756.330994;  -9.50; 219; 18; 4.00; 75; -18; 1; 
40481128.276001;  -5.04; 226; 17; 9.00; 68; -17; 1; 
40597307.225998;  1.30; 233; 16; 16.00; 61; -16; 1; 
40689159.710999;  6.96; 238; 14; 21.00; 56; -14; 1; 
40787386.681000;  12.01; 242; 12; 25.00; 52; -12; 1; 
40880730.322998;  17.23; 246; 10; 29.00; 48; -10; 1; 
40992727.371994;  21.70; 250; 8; 32.00; 44; -8; 1; 
41088841.512993;  25.67; 253; 6; 34.00; 41; -6; 1; 
41184819.966995;  28.99; 256; 4; 35.00; 38; -4; 1; 
41282537.533997;  31.73; 259; 2; 35.00; 35; -2; 1; 
41394462.485001;  35.00; 262; 0; 35.00; 32; 0; 1; 
41489447.159996;  37.81; 264; -2; 34.00; 30; 2; 1; 
41584756.977997;  38.12; 266; -3; 32.00; 28; 3; 1; 
41680742.863991;  41.89; 268; -5; 31.00; 26; 5; 1; 
41792831.573997;  42.62; 271; -6; 28.00; 23; 6; 1; 
41891372.625999;  43.43; 273; -7; 25.00; 21; 7; 1; 
41987013.804993;  43.80; 274; -8; 22.00; 20; 8; 1; 
42080761.343994;  41.96; 276; -8; 18.00; 18; 8; 1; 
42192704.544998;  43.36; 278; -9; 14.00; 16; 9; 1; 
42289280.425995;  41.96; 279; -9; 11.00; 15; 9; 1; 
42386040.553001;  39.74; 280; -9; 7.00; 14; 9; 1; 
42481862.939995;  41.57; 281; -10; 4.00; 13; 10; 1; 
42594902.256996;  42.27; 283; -10; 0.00; 11; 10; 1; 
42688755.950996;  43.00; 284; -10; -2.00; 10; 10; 1; 
42786088.868004;  42.01; 285; -10; -6.00; 9; 10; 1; 
42881796.176003;  36.00; 285; -9; -9.00; 9; 9; 1; 
42993140.224998;  36.37; 286; -9; -12.00; 8; 9; 1; 
43092101.912994;  37.13; 287; -9; -15.00; 7; 9; 1; 
43185835.487000;  38.31; 288; -9; -18.00; 6; 9; 1; 
43282560.182999;  36.31; 288; -9; -20.00; 6; 9; 1; 
43393225.943001;  34.99; 289; -8; -23.00; 5; 8; 1; 
43489100.249992;  32.99; 289; -8; -25.00; 5; 8; 1; 
43584847.213997;  30.99; 289; -8; -27.00; 5; 8; 1; 
43681076.961998;  34.43; 290; -8; -29.00; 4; 8; 1; 
43793071.225998;  32.43; 290; -8; -31.00; 4; 8; 1; 
43889041.552994;  30.43; 290; -8; -33.00; 4; 8; 1; 
43985661.526993;  31.80; 291; -7; -35.00; 3; 7; 1; 
44081707.938995;  30.80; 291; -7; -36.00; 3; 7; 1; 
44193247.191994;  28.80; 291; -7; -38.00; 3; 7; 1; 
44288990.563995;  27.80; 291; -7; -39.00; 3; 7; 1; 
44387461.829002;  33.05; 292; -7; -41.00; 2; 7; 1; 
44480747.162003;  32.05; 292; -7; -42.00; 2; 7; 1; 
44594168.544991;  27.57; 292; -6; -44.00; 2; 6; 1; 
44688757.722992;  27.57; 292; -6; -44.00; 2; 6; 1; 
44786793.403000;  26.57; 292; -6; -45.00; 2; 6; 1; 
44881281.824989;  25.57; 292; -6; -46.00; 2; 6; 1; 
44995707.936996;  24.57; 292; -6; -47.00; 2; 6; 1; 
45089186.081001;  23.57; 292; -6; -48.00; 2; 6; 1; 
45184731.459991;  31.54; 293; -6; -49.00; 1; 6; 1; 
45280766.806000;  31.54; 293; -6; -49.00; 1; 6; 1; 
45393932.170998;  28.69; 293; -5; -50.00; 1; 5; 1; 
45490990.157997;  27.69; 293; -5; -51.00; 1; 5; 1; 
45584762.879997;  27.69; 293; -5; -51.00; 1; 5; 1; 
45681330.283997;  26.69; 293; -5; -52.00; 1; 5; 1; 
45795341.811996;  26.69; 293; -5; -52.00; 1; 5; 1; 
45888790.560997;  26.69; 293; -5; -52.00; 1; 5; 1; 
45988538.559998;  25.69; 293; -5; -53.00; 1; 5; 1; 
46081766.024994;  25.69; 293; -5; -53.00; 1; 5; 1; 
46193440.261993;  24.69; 293; -5; -54.00; 1; 5; 1; 
46288729.226997;  24.69; 293; -5; -54.00; 1; 5; 1; 
46384717.901993;  24.69; 293; -5; -54.00; 1; 5; 1; 
46482172.129997;  23.69; 293; -5; -55.00; 1; 5; 1; 
46592768.042000;  23.69; 293; -5; -55.00; 1; 5; 1; 
46691204.070992;  23.69; 293; -5; -55.00; 1; 5; 1; 
46786942.578995;  19.96; 293; -4; -56.00; 1; 4; 1; 
46880682.186996;  20.96; 293; -4; -55.00; 1; 4; 1; 
46994889.213997;  35.00; 294; -4; -55.00; 0; 4; 1; 
47088732.124001;  35.00; 294; -4; -55.00; 0; 4; 1; 
47184733.454994;  35.00; 294; -4; -55.00; 0; 4; 1; 
47281878.890991;  35.00; 294; -4; -55.00; 0; 4; 1; 
47392758.083000;  35.00; 294; -4; -55.00; 0; 4; 1; 
47490647.281998;  35.00; 294; -4; -55.00; 0; 4; 1; 
47585422.765991;  35.00; 294; -4; -55.00; 0; 4; 1; 
47681958.274994;  35.00; 294; -4; -55.00; 0; 4; 1; 
47792744.542000;  35.00; 294; -4; -55.00; 0; 4; 1; 
47890505.330994;  35.00; 294; -4; -55.00; 0; 4; 1; 
47987523.240997;  -190.80; 0; 1; -191.01; -145; -141; 0; 
48080812.620995;  -174.60; -1; 1; -175.01; -144; -141; 0; 
48192729.430992;  -154.60; -1; 1; -155.01; -144; -141; 0; 
48288693.233994;  -139.80; 0; 1; -140.01; -145; -141; 0; 
48385942.759995;  -126.80; 0; 1; -127.01; -145; -141; 0; 
48482601.078995;  -114.80; 0; 1; -115.01; -145; -141; 0; 
48592804.514999;  -101.80; 0; 1; -102.01; -145; -141; 0; 
48689829.433998;  -91.80; 0; 1; -92.01; -145; -141; 0; 
48784797.417000;  -83.80; 0; 1; -84.01; -145; -141; 0; 
48882645.257996;  -74.80; 0; 1; -75.01; -145; -141; 0; 
48992785.097000;  -67.01; 0; 0; -67.01; -145; -140; 0; 
49090847.025993;  -60.01; 0; 0; -60.01; -145; -140; 0; 
49185411.358994;  -55.01; 0; 0; -55.01; -145; -140; 0; 
49281127.434998;  -49.01; 0; 0; -49.01; -145; -140; 0; 
49394388.401001;  -44.01; 0; 0; -44.01; -145; -140; 0; 
49488814.641998;  -39.01; 0; 0; -39.01; -145; -140; 0; 
49585078.329002;  -36.01; 0; 0; -36.01; -145; -140; 0; 
49681036.116997;  -32.01; 0; 0; -32.01; -145; -140; 0; 
49793145.662994;  -29.01; 0; 0; -29.01; -145; -140; 0; 
49891609.293999;  -26.01; 0; 0; -26.01; -145; -140; 0; 
49985457.820999;  -23.01; 0; 0; -23.01; -145; -140; 0; 
50081030.488998;  -21.01; 0; 0; -21.01; -145; -140; 0; 
50192774.730995;  -19.01; 0; 0; -19.01; -145; -140; 0; 
50289957.374992;  -17.01; 0; 0; -17.01; -145; -140; 0; 
50387252.263992;  -15.01; 0; 0; -15.01; -145; -140; 0; 
50481526.313995;  -14.01; 0; 0; -14.01; -145; -140; 0; 
50593819.612991;  -12.01; 0; 0; -12.01; -145; -140; 0; 
50688722.954002;  -11.01; 0; 0; -11.01; -145; -140; 0; 
50785848.518990;  -10.01; 0; 0; -10.01; -145; -140; 0; 
50881524.370995;  -9.01; 0; 0; -9.01; -145; -140; 0; 
50992706.911995;  -8.01; 0; 0; -8.01; -145; -140; 0; 
51089299.969994;  -7.01; 0; 0; -7.01; -145; -140; 0; 
51186195.800995;  -6.01; 0; 0; -6.01; -145; -140; 0; 
51282477.560997;  -6.01; 0; 0; -6.01; -145; -140; 0; 
51393295.024994;  -5.01; 0; 0; -5.01; -145; -140; 0; 
51490070.491997;  -5.01; 0; 0; -5.01; -145; -140; 0; 
51585278.098991;  -4.01; 0; 0; -4.01; -145; -140; 0; 
51682602.039993;  -4.01; 0; 0; -4.01; -145; -140; 1; 
51793284.068001;  -3.84; -6; -5; -4.01; -139; -135; 1; 
51889070.487999;  -4.09; -11; -11; -4.01; -134; -129; 1; 
51986479.641998;  -4.36; -16; -17; -4.01; -129; -123; 1; 
52080995.983002;  -4.42; -21; -22; -4.01; -124; -118; 1; 
52192785.769997;  -4.75; -27; -29; -4.01; -118; -111; 1; 
52289573.806999;  -4.85; -33; -35; -4.01; -112; -105; 1; 
52384711.105995;  -4.94; -38; -40; -4.01; -107; -100; 1; 
52481304.137001;  -5.34; -43; -46; -4.01; -102; -94; 1; 
52593959.991997;  -5.82; -49; -53; -4.01; -96; -87; 1; 
52688815.693001;  -5.98; -54; -58; -4.01; -91; -82; 1; 
52786145.064995;  -6.20; -60; -64; -4.01; -85; -76; 1; 
52882549.576996;  -6.81; -65; -70; -4.01; -80; -70; 1; 
52994866.075996;  -7.14; -71; -76; -4.01; -74; -64; 1; 
53089772.791992;  -7.95; -76; -82; -4.01; -69; -58; 1; 
53185443.306999;  -7.37; -81; -87; -3.01; -64; -53; 1; 
53280700.593994;  -5.87; -86; -92; -1.01; -59; -48; 1; 
53393974.380997;  -3.60; -92; -98; 1.99; -53; -42; 1; 
53490205.473000;  -1.48; -96; -101; 3.99; -49; -39; 1; 
53584749.211990;  -0.13; -100; -105; 5.99; -45; -35; 1; 
53682291.305992;  2.66; -105; -108; 7.99; -40; -32; 1; 
53792927.419998;  4.85; -109; -111; 9.99; -36; -29; 1; 
53890749.374992;  6.29; -112; -113; 10.99; -33; -27; 1; 
53984812.263992;  7.81; -115; -115; 11.99; -30; -25; 1; 
54080727.914001;  8.43; -118; -117; 11.99; -27; -23; 1; 
54194686.637001;  11.51; -121; -118; 12.99; -24; -22; 1; 
54290325.340996;  12.60; -124; -120; 12.99; -21; -20; 1; 
54386770.318001;  13.00; -126; -121; 11.99; -19; -19; 1; 
54480958.262001;  14.64; -128; -122; 11.99; -17; -18; 1; 
54592728.391998;  13.85; -130; -124; 10.99; -15; -16; 1; 
54688919.682991;  15.09; -132; -125; 9.99; -13; -15; 1; 
54784996.939995;  14.40; -133; -126; 8.99; -12; -14; 1; 
54880821.089996;  13.76; -134; -127; 7.99; -11; -13; 1; 
54992864.581993;  17.13; -136; -128; 7.99; -9; -12; 1; 
55088764.660995;  18.31; -137; -128; 5.99; -8; -12; 1; 
55185107.973000;  18.53; -138; -129; 4.99; -7; -11; 1; 
55280701.048996;  19.04; -139; -130; 3.99; -6; -10; 1; 
55392721.334999;  15.31; -139; -131; 2.99; -6; -9; 1; 
55489878.474998;  18.95; -140; -131; 1.99; -5; -9; 1; 
55586499.177002;  20.43; -141; -132; 0.99; -4; -8; 1; 
55681083.644997;  19.43; -141; -132; -0.01; -4; -8; 1; 
55793136.951996;  20.80; -142; -133; -2.01; -3; -7; 1; 
55888964.766998;  20.80; -142; -133; -2.01; -3; -7; 1; 
55985043.658997;  24.57; -143; -134; -3.01; -2; -6; 1; 
56084177.556000;  23.57; -143; -134; -4.01; -2; -6; 1; 
56192825.030991;  19.20; -143; -135; -5.01; -2; -5; 1; 
56288736.917000;  28.69; -144; -135; -6.01; -1; -5; 1; 
56387053.991997;  27.69; -144; -135; -7.01; -1; -5; 1; 
56480804.631996;  26.69; -144; -135; -8.01; -1; -5; 1; 
56595297.934998;  23.96; -144; -136; -8.01; -1; -4; 1; 
56689359.627998;  37.00; -145; -136; -9.01; 0; -4; 1; 
56785209.087997;  36.00; -145; -136; -10.01; 0; -4; 1; 
56880779.903999;  36.00; -145; -136; -10.01; 0; -4; 1; 
56994016.569992;  35.00; -145; -137; -11.01; 0; -3; 1; 
57088808.492996;  34.00; -145; -137; -12.01; 0; -3; 1; 
57186669.931000;  34.00; -145; -137; -12.01; 0; -3; 1; 
57282222.243996;  34.00; -145; -137; -12.01; 0; -3; 1; 
57392745.255997;  51.43; -146; -137; -13.01; 1; -3; 1; 
57488760.647995;  51.43; -146; -137; -13.01; 1; -3; 1; 
57585978.174995;  50.43; -146; -137; -14.01; 1; -3; 1; 
57681337.448990;  57.57; -146; -138; -15.01; 1; -2; 1; 
57792746.811996;  57.57; -146; -138; -15.01; 1; -2; 1; 
57888743.894997;  57.57; -146; -138; -15.01; 1; -2; 1; 
57986242.334999;  56.57; -146; -138; -16.01; 1; -2; 1; 
58080821.090996;  56.57; -146; -138; -16.01; 1; -2; 1; 
58192746.470001;  56.57; -146; -138; -16.01; 1; -2; 1; 
58290682.676994;  56.57; -146; -138; -16.01; 1; -2; 1; 
58384692.570000;  55.57; -146; -138; -17.01; 1; -2; 1; 
58482285.458992;  55.57; -146; -138; -17.01; 1; -2; 1; 
58592726.004990;  55.57; -146; -138; -17.01; 1; -2; 1; 
58688720.504997;  55.57; -146; -138; -17.01; 1; -2; 1; 
58784749.639999;  54.57; -146; -138; -18.01; 1; -2; 1; 
58880776.044998;  54.57; -146; -138; -18.01; 1; -2; 1; 
58993951.008995;  54.57; -146; -138; -18.01; 1; -2; 1; 
59088694.154999;  54.57; -146; -138; -18.01; 1; -2; 1; 
59185556.310997;  54.57; -146; -138; -18.01; 1; -2; 1; 
59281399.964996;  53.57; -146; -138; -19.01; 1; -2; 1; 
59392738.288994;  53.57; -146; -138; -19.01; 1; -2; 1; 
59488704.694992;  72.00; -146; -139; -19.01; 1; -1; 1; 
59587231.919998;  72.00; -146; -139; -19.01; 1; -1; 1; 
59680883.824997;  72.00; -146; -139; -19.01; 1; -1; 1; 
59792772.764992;  72.00; -146; -139; -19.01; 1; -1; 1; 
59889262.896996;  72.00; -146; -139; -19.01; 1; -1; 1; 
