t; x; y; theta
19408584.165993; 0.00; 0.00; 0.00
19426722.139999; 0.00; 0.00; 0.00
19440615.948997; 0.00; 0.00; 0.00
19456657.962997; 0.00; 0.00; 0.00
19472696.802994; 0.00; 0.00; 0.00
19489258.806999; 0.00; 0.00; 0.00
19512714.223999; 0.00; 0.00; 0.00
19523066.127998; 0.00; 0.00; 0.00
19536747.805000; 0.00; 0.00; 0.00
19552796.808998; 0.00; 0.00; 0.00
19568648.464996; 0.00; 0.00; 0.00
19585855.334999; 0.00; 0.00; 0.00
19601030.487000; 0.00; 0.00; 0.00
19616692.723000; 0.00; 0.00; 0.00
19634964.862000; 0.00; 0.00; 0.00
19648623.152000; 0.00; 0.00; 0.00
19667411.362000; 0.00; 0.00; 0.00
19680689.627998; 0.00; 0.00; 0.00
19698148.295998; 0.00; 0.00; 0.00
19712756.448997; 0.00; 0.00; 0.00
19728666.388000; 0.00; 0.00; 0.00
19744898.008995; 0.00; 0.00; 0.00
19761085.263000; 0.00; 0.00; 0.00
19777076.830002; 0.00; 0.00; 0.00
19792826.176003; 0.00; 0.00; 0.00
19808820.308998; 0.00; 0.00; 0.00
19827998.390999; 0.00; 0.00; 0.00
19841255.429001; 0.00; 0.00; 0.00
19856691.377998; 0.00; 0.00; 0.00
19872855.439003; 0.00; 0.00; 0.00
19889578.052994; 0.00; 0.00; 0.00
19904699.707001; 0.00; 0.00; 0.00
19922777.367996; 0.00; 0.00; 0.00
19936709.597000; 0.00; 0.00; 0.00
19954299.752998; 0.00; 0.00; 0.00
19969591.459999; 0.00; 0.00; 0.00
19984688.039993; 0.00; 0.00; 0.00
20002414.392998; 0.00; 0.00; 0.00
20016725.905998; 0.00; 0.00; 0.00
20034216.409996; 0.00; 0.00; 0.00
20048879.987999; 0.00; 0.00; 0.00
20066029.334000; 0.00; 0.00; 0.00
20082206.735001; 0.00; 0.00; 0.00
20097134.617004; 0.00; 0.00; 0.00
20112762.233994; 0.00; 0.00; 0.00
20128621.775993; 0.00; 0.00; 0.00
20144991.574997; 0.00; 0.00; 0.00
20160913.106003; 0.00; 0.00; 0.00
20178993.641998; 0.00; 0.00; 0.00
20193805.729996; 0.00; 0.00; 0.00
20209376.640999; 0.00; 0.00; 0.00
20224928.611000; 0.00; 0.00; 0.00
20241018.989998; 0.00; 0.00; 0.00
20256660.500000; 0.00; 0.00; 0.00
20272838.174995; 0.00; 0.00; 0.00
20289432.671997; 0.00; 0.00; 0.00
20305682.585999; 0.00; 0.00; 0.00
20320734.740997; 0.00; 0.00; 0.00
20338018.812996; 0.00; 0.00; 0.00
20352620.076996; 0.00; 0.00; 0.00
20368701.723000; 0.00; 0.00; 0.00
20384658.494003; 0.00; 0.00; 0.00
20402963.355995; 0.00; 0.00; 0.00
20417431.428001; 0.00; 0.00; 0.00
20432648.202995; 0.00; 0.00; 0.00
20448742.812004; 0.00; 0.00; 0.00
20464642.272003; 0.00; 0.00; 0.00
20481803.794998; 0.00; 0.00; 0.00
20496715.254997; 0.00; 0.00; 0.00
20512619.257996; 0.00; 0.00; 0.00
20528858.735001; 0.00; 0.00; 0.00
20545611.134995; 0.00; 0.00; 0.00
20562832.093002; 0.00; 0.00; 0.00
20576960.030998; 0.00; 0.00; 0.00
20594455.099998; 0.00; 0.00; 0.00
20609747.376999; 0.00; 0.00; 0.00
20625544.557999; 0.00; 0.00; 0.00
20649046.773003; 0.00; 0.00; 0.08
20656715.604004; 0.00; 0.00; 0.18
20673035.844994; 0.00; 0.00; 0.39
20688679.760994; 0.00; 0.00; 0.59
20704696.514999; 0.00; 0.00; 0.78
20720656.741997; 0.00; 0.00; 0.99
20736699.728004; 0.00; 0.00; 1.19
20753905.726997; 0.00; 0.00; 1.42
20768692.450996; 0.00; 0.00; 1.59
20786063.281998; 0.00; 0.00; 1.82
20802074.444000; 0.00; 0.00; 2.03
20816649.177994; 0.00; 0.00; 2.21
20832710.592003; 0.00; 0.00; 2.40
20850595.322998; 0.00; 0.00; 2.64
20866236.690002; 0.00; 0.00; 2.84
20881522.818993; 0.00; 0.00; 3.04
20896887.341995; 0.00; 0.00; 3.23
20912673.152992; 0.00; 0.00; 3.42
20928948.621994; 0.00; 0.00; 3.63
20944941.459999; 0.00; 0.00; 3.83
20963488.453995; 0.00; 0.00; 4.08
20976681.479996; 0.00; 0.00; 4.21
20992618.974998; 0.00; 0.00; 4.42
21008649.798996; 0.00; 0.00; 4.65
21024644.928001; 0.00; 0.00; 4.85
21042512.862999; 0.00; 0.00; 5.08
21058476.160004; 0.00; 0.00; 5.28
21073653.167000; 0.00; 0.00; 5.48
21088645.701996; 0.00; 0.00; 5.65
21106810.206993; 0.00; 0.00; 5.89
21122022.181000; 0.00; 0.00; 6.09
21138375.848000; 0.00; 0.00; 6.30
21154696.029999; 0.00; 0.00; 6.50
21169373.839996; 0.00; 0.00; 6.69
21184692.916992; 0.00; 0.00; 6.88
21200680.113998; 0.00; 0.00; 7.08
21218255.330994; 0.00; 0.00; 7.31
21233465.559998; 0.00; 0.00; 7.50
21249575.441002; 0.00; 0.00; 7.71
21264630.084999; 0.00; 0.00; 7.89
21280638.853996; 0.00; 0.00; 8.08
21296622.185997; 0.00; 0.00; 8.29
21314621.308998; 0.00; 0.00; 8.52
21330194.723999; 0.00; 0.00; 8.68
21344811.527000; 0.00; 0.00; 8.83
21362078.271996; 0.00; 0.00; 9.02
21378777.785995; 0.00; 0.00; 9.19
21392625.029999; 0.00; 0.00; 9.34
21408966.225998; 0.00; 0.00; 9.53
21424825.660995; 0.00; 0.00; 9.70
21440690.740997; 0.00; 0.00; 9.85
21458253.320992; 0.00; 0.00; 10.05
21474999.732994; 0.00; 0.00; 10.23
21490222.990997; 0.00; 0.00; 10.40
21505361.832001; 0.00; 0.00; 10.56
21520641.240997; 0.00; 0.00; 10.71
21537519.058998; 0.00; 0.00; 10.90
21552678.824997; 0.00; 0.00; 11.05
21568679.446999; 0.00; 0.00; 11.22
21586659.018997; 0.00; 0.00; 11.43
21600653.788994; 0.00; 0.00; 11.57
21620080.405998; 0.00; 0.00; 11.78
21633302.320999; 0.00; 0.00; 11.93
21651409.976997; 0.00; 0.00; 12.11
21664880.456993; 0.00; 0.00; 12.26
21681270.997002; 0.00; 0.00; 12.44
21697559.578995; 0.00; 0.00; 12.62
21713009.263000; 0.00; 0.00; 12.77
21731075.636002; 0.00; 0.00; 12.97
21745029.798996; 0.00; 0.00; 13.11
21762150.458000; 0.00; 0.00; 13.28
21776902.067993; 0.00; 0.00; 13.47
21792758.492996; 0.00; 0.00; 13.63
21810486.717003; 0.00; 0.00; 13.82
21824613.934998; 0.00; 0.00; 13.97
21841045.261002; 0.00; 0.00; 14.15
21857389.868996; 0.00; 0.00; 14.33
21873815.905998; 0.00; 0.00; 14.50
21888665.821999; 0.00; 0.00; 14.65
21904811.657997; 0.00; 0.00; 14.83
21922148.884995; 0.00; 0.00; 15.02
21936652.427994; 0.00; 0.00; 15.17
21952984.159004; 0.00; 0.00; 15.35
21971632.264992; 0.00; 0.00; 15.54
21985199.445999; 0.00; 0.00; 15.68
22002883.302994; 0.00; 0.00; 15.83
22016965.644997; 0.00; 0.00; 15.97
22032682.244003; 0.00; 0.00; 16.10
22048820.274994; 0.00; 0.00; 16.26
22067437.871994; 0.00; 0.00; 16.42
22082044.456001; 0.00; 0.00; 16.56
22097976.386993; 0.00; 0.00; 16.71
22114710.464996; 0.00; 0.00; 16.86
22129741.843002; 0.00; 0.00; 16.99
22144732.757996; 0.00; 0.00; 17.12
22162475.759003; 0.00; 0.00; 17.29
22177219.955994; 0.00; 0.00; 17.43
22194165.642998; 0.00; 0.00; 17.58
22210243.874001; 0.00; 0.00; 17.73
22225808.028992; 0.00; 0.00; 17.87
22240782.741997; 0.00; 0.00; 18.01
22257771.626999; 0.00; 0.00; 18.16
22273825.579994; 0.00; 0.00; 18.31
22288630.606003; 0.00; 0.00; 18.44
22304620.976997; 0.00; 0.00; 18.58
22322858.253998; 0.00; 0.00; 18.76
22336831.968994; 0.00; 0.00; 18.88
22353989.918999; 0.00; 0.00; 19.04
22368652.659996; 0.00; 0.00; 19.16
22386787.276001; 0.00; 0.00; 19.34
22400696.707001; 0.00; 0.00; 19.46
22418256.410995; 0.00; 0.00; 19.62
22432712.034996; 0.00; 0.00; 19.75
22450197.173996; 0.00; 0.00; 19.92
22464691.943001; 0.00; 0.00; 20.04
22481743.415001; 0.00; 0.00; 20.20
22496984.176003; 0.00; 0.00; 20.34
22514479.695000; 0.00; 0.00; 20.50
22530947.545998; 0.00; 0.00; 20.65
22544655.350998; 0.00; 0.00; 20.77
22562580.418999; 0.00; 0.00; 20.93
22576696.230995; 0.00; 0.00; 21.06
22594192.315994; 0.00; 0.00; 21.23
22608638.963997; 0.00; 0.00; 21.35
22624658.891998; 0.00; 0.00; 21.50
22644592.324997; 0.00; 0.00; 21.68
22658132.406998; 0.00; 0.00; 21.77
22672730.500992; 0.00; 0.00; 21.87
22688632.922997; 0.00; 0.00; 21.98
22708503.703995; 0.00; 0.00; 22.12
22720660.945999; 0.00; 0.00; 22.21
22736682.480003; 0.00; 0.00; 22.33
22753521.181999; 0.00; 0.00; 22.45
22768724.783997; 0.00; 0.00; 22.56
22787865.653000; 0.00; 0.00; 22.70
22801776.150993; 0.00; 0.00; 22.80
22818456.066994; 0.00; 0.00; 22.91
22834048.832993; 0.00; 0.00; 23.03
22848692.956993; 0.00; 0.00; 23.12
22866260.074997; 0.00; 0.00; 23.26
22880677.553001; 0.00; 0.00; 23.35
22898739.938995; 0.00; 0.00; 23.49
22913659.044998; 0.00; 0.00; 23.59
22928890.431000; 0.00; 0.00; 23.69
22944658.448997; 0.00; 0.00; 23.81
22961650.098000; 0.00; 0.00; 23.93
22976696.026993; 0.00; 0.00; 24.04
22992751.224998; 0.00; 0.00; 24.16
23009718.166000; 0.00; 0.00; 24.28
23026296.923996; 0.00; 0.00; 24.40
23041510.005997; 0.00; 0.00; 24.51
23058646.976997; 0.00; 0.00; 24.63
23074670.341003; 0.00; 0.00; 24.74
23089776.738991; 0.00; 0.00; 24.85
23104713.689995; 0.00; 0.00; 24.96
23123109.393997; 0.00; 0.00; 25.09
23137167.236000; 0.00; 0.00; 25.19
23152740.771996; 0.00; 0.00; 25.29
23170759.614998; 0.00; 0.00; 25.43
23184792.967995; 0.00; 0.00; 25.53
23203445.639000; 0.00; 0.00; 25.66
23217252.298996; 0.00; 0.00; 25.76
23234238.208000; 0.00; 0.00; 25.88
23249219.762993; 0.00; 0.00; 25.99
23265609.594002; 0.00; 0.00; 26.11
23281006.304001; 0.00; 0.00; 26.21
23298522.849998; 0.00; 0.00; 26.34
23313993.809998; 0.00; 0.00; 26.44
23328610.941002; 0.00; 0.00; 26.52
23345376.000999; 0.00; 0.00; 26.63
23362655.180000; 0.00; 0.00; 26.73
23376723.916000; 0.00; 0.00; 26.81
23394035.898003; 0.00; 0.00; 26.92
23409604.528000; 0.00; 0.00; 27.01
23426592.018997; 0.00; 0.00; 27.11
23440883.301994; 0.00; 0.00; 27.19
23458147.632996; 0.00; 0.00; 27.30
23472728.234001; 0.00; 0.00; 27.38
23488823.125999; 0.00; 0.00; 27.48
23505470.216995; 0.00; 0.00; 27.58
23520659.736992; 0.00; 0.00; 27.66
23537813.984001; 0.00; 0.00; 27.77
23554167.000000; 0.00; 0.00; 27.87
23570115.715996; 0.00; 0.00; 27.96
23586617.676003; 0.00; 0.00; 28.06
23601281.374992; 0.00; 0.00; 28.15
23618838.325005; 0.00; 0.00; 28.25
23632681.769997; 0.00; 0.00; 28.33
23648997.908997; 0.00; 0.00; 28.43
23664671.045998; 0.00; 0.00; 28.52
23680997.665001; 0.00; 0.00; 28.62
23697171.535995; 0.00; 0.00; 28.71
23713797.612000; 0.00; 0.00; 28.82
23728655.912003; 0.00; 0.00; 28.91
23744687.104996; 0.00; 0.00; 29.00
23760829.992996; 0.00; 0.00; 29.09
23777276.659996; 0.00; 0.00; 29.20
23796975.173996; 0.00; 0.00; 29.31
23808767.704002; 0.00; 0.00; 29.38
23824662.507996; 0.00; 0.00; 29.47
23842875.000992; 0.00; 0.00; 29.59
23856707.170998; 0.00; 0.00; 29.67
23873615.037003; 0.00; 0.00; 29.77
23889939.544998; 0.00; 0.00; 29.86
23904629.819000; 0.00; 0.00; 29.95
23920854.868996; 0.00; 0.00; 30.05
23937704.529999; 0.00; 0.00; 30.15
23952653.469994; 0.00; 0.00; 30.23
23969110.186996; 0.00; 0.00; 30.34
23984599.743996; 0.00; 0.00; 30.40
24000607.416000; 0.00; 0.00; 30.49
24018547.351997; 0.00; 0.00; 30.57
24032628.482002; 0.00; 0.00; 30.64
24048612.668999; 0.00; 0.00; 30.72
24065461.696999; 0.00; 0.00; 30.80
24080673.794998; 0.00; 0.00; 30.86
24097211.112999; 0.00; 0.00; 30.94
24114878.607002; 0.00; 0.00; 31.03
24128783.071999; 0.00; 0.00; 31.10
24144742.459000; 0.00; 0.00; 31.17
24160944.930000; 0.00; 0.00; 31.25
24176642.040993; 0.00; 0.00; 31.32
24194927.351997; 0.00; 0.00; 31.41
24210461.973000; 0.00; 0.00; 31.49
24225527.188995; 0.00; 0.00; 31.56
24241540.513000; 0.00; 0.00; 31.63
24258191.157997; 0.00; 0.00; 31.71
24272615.309998; 0.00; 0.00; 31.78
24289756.944000; 0.00; 0.00; 31.86
24304976.953003; 0.00; 0.00; 31.94
24321683.120003; 0.00; 0.00; 32.02
24337027.025993; 0.00; 0.00; 32.09
24353787.591003; 0.00; 0.00; 32.17
24370119.949997; 0.00; 0.00; 32.25
24384837.616997; 0.00; 0.00; 32.31
24400637.484993; 0.00; 0.00; 32.39
24416642.173004; 0.00; 0.00; 32.47
24434114.510994; 0.00; 0.00; 32.55
24448658.395996; 0.00; 0.00; 32.62
24466940.155998; 0.00; 0.00; 32.71
24481038.582001; 0.00; 0.00; 32.77
24497073.912994; 0.00; 0.00; 32.84
24512682.128998; 0.00; 0.00; 32.92
24530648.106995; 0.00; 0.00; 33.01
24546701.463997; 0.00; 0.00; 33.09
24560716.263000; 0.00; 0.00; 33.15
24577943.417000; 0.00; 0.00; 33.23
24593251.154991; 0.00; 0.00; 33.31
24609745.792999; 0.00; 0.00; 33.39
24627554.696999; 0.00; 0.00; 33.47
24641764.967995; 0.00; 0.00; 33.53
24657845.534996; 0.00; 0.00; 33.59
24672618.667999; 0.00; 0.00; 33.64
24690251.256996; 0.00; 0.00; 33.70
24704837.895996; 0.00; 0.00; 33.76
24720677.336998; 0.00; 0.00; 33.81
24738735.556999; 0.00; 0.00; 33.88
24752877.500000; 0.00; 0.00; 33.93
24769912.207001; 0.00; 0.00; 33.99
24790780.784996; 0.00; 0.00; 34.06
24801038.891998; 0.00; 0.00; 34.10
24818262.280998; 0.00; 0.00; 34.16
24832870.899994; 0.00; 0.00; 34.21
24849984.726997; 0.00; 0.00; 34.27
24865202.970001; 0.00; 0.00; 34.33
24882678.432999; 0.00; 0.00; 34.39
24896686.306999; 0.00; 0.00; 34.44
24914388.397995; 0.00; 0.00; 34.50
24930553.817993; 0.00; 0.00; 34.56
24944626.165993; 0.00; 0.00; 34.61
24961601.191002; 0.00; 0.00; 34.67
24976652.176003; 0.00; 0.00; 34.72
24992830.131996; 0.00; 0.00; 34.78
25010008.606995; 0.00; 0.00; 34.84
25024672.762993; 0.00; 0.00; 34.90
25040683.850998; 0.00; 0.00; 34.95
25058436.520996; 0.00; 0.00; 35.01
25073284.585999; 0.00; 0.00; 35.07
25090204.241997; 0.00; 0.00; 35.13
25105552.324997; 0.00; 0.00; 35.18
25122188.074997; 0.00; 0.00; 35.24
25138881.438995; 0.00; 0.00; 35.30
25152774.518997; 0.00; 0.00; 35.35
25168663.535995; 0.00; 0.00; 35.41
25186681.782997; 0.00; 0.00; 35.47
25201120.723000; 0.00; 0.00; 35.52
25216672.941994; 0.00; 0.00; 35.58
25234666.053993; 0.00; 0.00; 35.65
25250304.242996; 0.00; 0.00; 35.70
25265415.706001; 0.00; 0.00; 35.76
25282640.661995; 0.00; 0.00; 35.82
25296618.781998; 0.00; 0.00; 35.87
25312723.570992; 0.00; 0.00; 35.91
25331145.631996; 0.00; 0.00; 35.98
25344697.847000; 0.00; 0.00; 36.02
25361438.594002; 0.00; 0.00; 36.07
25376625.099991; 0.00; 0.00; 36.12
25393514.918999; 0.00; 0.00; 36.17
25408652.119003; 0.00; 0.00; 36.22
25425016.240997; 0.00; 0.00; 36.27
25442133.126999; 0.00; 0.00; 36.33
25457556.197998; 0.00; 0.00; 36.38
25474930.955994; 0.00; 0.00; 36.43
25489750.956001; 0.00; 0.00; 36.48
25506880.295998; 0.00; 0.00; 36.53
25521642.542999; 0.00; 0.00; 36.58
25538754.590996; 0.00; 0.00; 36.64
25552660.209999; 0.00; 0.00; 36.68
25569631.056992; 0.00; 0.00; 36.73
25586531.172005; 0.00; 0.00; 36.79
25600694.834000; 0.00; 0.00; 36.83
25616868.101997; 0.00; 0.00; 36.88
25634620.647003; 0.00; 0.00; 36.94
25650464.923004; 0.00; 0.00; 36.99
25665954.290993; 0.00; 0.00; 37.04
25680843.954994; 0.00; 0.00; 37.08
25697428.028000; 0.00; 0.00; 37.14
25713458.135994; 0.00; 0.00; 37.19
25729788.722000; 0.00; 0.00; 37.24
25745878.389000; 0.00; 0.00; 37.29
25761747.110992; 0.00; 0.00; 37.34
25777602.499001; 0.00; 0.00; 37.39
25793127.628998; 0.00; 0.00; 37.44
25808623.410004; 0.00; 0.00; 37.49
25824643.417999; 0.00; 0.00; 37.54
25840799.056992; 0.00; 0.00; 37.59
25858855.250999; 0.00; 0.00; 37.65
25873233.988991; 0.00; 0.00; 37.70
25890010.696999; 0.00; 0.00; 37.75
25904832.457993; 0.00; 0.00; 37.79
25922739.979996; 0.00; 0.00; 37.85
25937107.618996; 0.00; 0.00; 37.90
25953390.797997; 0.00; 0.00; 37.95
25973539.056992; 0.00; 0.00; 38.01
25984645.083992; 0.00; 0.00; 38.03
26001471.975998; 0.00; 0.00; 38.08
26018555.938004; 0.00; 0.00; 38.12
26033147.810997; 0.00; 0.00; 38.15
26049839.695999; 0.00; 0.00; 38.19
26067026.919998; 0.00; 0.00; 38.23
26080638.030998; 0.00; 0.00; 38.26
26098246.916000; 0.00; 0.00; 38.30
26112647.275002; 0.00; 0.00; 38.34
26128653.564995; 0.00; 0.00; 38.38
26146307.645996; 0.00; 0.00; 38.42
26161379.606003; 0.00; 0.00; 38.45
26178087.627998; 0.00; 0.00; 38.49
26192732.941994; 0.00; 0.00; 38.53
26209004.543991; 0.00; 0.00; 38.57
26225783.167999; 0.00; 0.00; 38.61
26240686.278999; 0.00; 0.00; 38.64
26258454.554001; 0.00; 0.00; 38.68
26272710.505997; 0.00; 0.00; 38.72
26291075.662003; 0.00; 0.00; 38.76
26306702.948997; 0.00; 0.00; 38.80
26322467.220993; 0.00; 0.00; 38.84
26337750.431000; 0.00; 0.00; 38.87
26352663.486000; 0.00; 0.00; 38.91
26369858.037003; 0.00; 0.00; 38.95
26384797.043999; 0.00; 0.00; 38.99
26400865.825996; 0.00; 0.00; 39.02
26416898.526001; 0.00; 0.00; 39.06
26433679.624001; 0.00; 0.00; 39.10
26451540.957993; 0.00; 0.00; 39.14
26466600.938995; 0.00; 0.00; 39.18
26483533.712997; 0.00; 0.00; 39.22
26497644.431000; 0.00; 0.00; 39.25
26514280.087997; 0.00; 0.00; 39.29
26529085.772995; 0.00; 0.00; 39.33
26544697.493996; 0.00; 0.00; 39.37
26562670.635994; 0.00; 0.00; 39.41
26577683.848000; 0.00; 0.00; 39.45
26593354.118996; 0.00; 0.00; 39.48
26611891.422997; 0.00; 0.00; 39.53
26624825.531998; 0.00; 0.00; 39.56
26641401.589996; 0.00; 0.00; 39.59
26658378.608994; 0.00; 0.00; 39.63
26673314.051003; 0.00; 0.00; 39.66
26688626.592003; 0.00; 0.00; 39.69
26704672.972000; 0.00; 0.00; 39.72
26720834.733994; 0.00; 0.00; 39.75
26736630.099998; 0.00; 0.00; 39.78
26752667.834999; 0.00; 0.00; 39.81
26768659.712997; 0.00; 0.00; 39.85
26787903.254997; 0.00; 0.00; 39.88
26801106.227997; 0.00; 0.00; 39.91
26816882.402000; 0.00; 0.00; 39.94
26833037.301003; 0.00; 0.00; 39.97
26849396.350998; 0.00; 0.00; 40.00
26865796.457993; 0.00; 0.00; 40.04
26883157.148994; 0.00; 0.00; 40.07
26896597.181999; 0.00; 0.00; 40.10
26912645.407997; 0.00; 0.00; 40.13
26929551.890999; 0.00; 0.00; 40.17
26945724.415001; 0.00; 0.00; 40.20
26962763.843994; 0.00; 0.00; 40.23
26979373.968002; 0.00; 0.00; 40.26
26992641.041000; 0.00; 0.00; 40.29
27008905.971001; 0.00; 0.00; 40.32
27024704.474998; 0.00; 0.00; 40.35
27040638.425995; 0.00; 0.00; 40.38
27057615.418999; 0.00; 0.00; 40.42
27074078.339996; 0.00; 0.00; 40.45
27089037.194000; 0.00; 0.00; 40.48
27106331.021996; 0.00; 0.00; 40.52
27120660.988998; 0.00; 0.00; 40.54
27136851.160995; 0.00; 0.00; 40.58
27154420.336998; 0.00; 0.00; 40.61
27168673.665001; 0.00; 0.00; 40.64
27185786.911995; 0.00; 0.00; 40.67
27200832.797997; 0.00; 0.00; 40.70
27219303.320000; 0.00; 0.00; 40.74
27232972.860992; 0.00; 0.00; 40.77
27251454.987999; 0.00; 0.00; 40.80
27265225.063995; 0.00; 0.00; 40.83
27280697.022995; 0.00; 0.00; 40.86
27299356.308998; 0.00; 0.00; 40.90
27312890.864998; 0.00; 0.00; 40.92
27329749.437996; 0.00; 0.00; 40.95
27344875.758003; 0.00; 0.00; 40.97
27362370.941994; 0.00; 0.00; 41.00
27376670.723000; 0.00; 0.00; 41.02
27393730.423996; 0.00; 0.00; 41.05
27410853.518997; 0.00; 0.00; 41.08
27424818.238998; 0.00; 0.00; 41.10
27442683.760002; 0.00; 0.00; 41.13
27457699.362000; 0.00; 0.00; 41.15
27474125.973000; 0.00; 0.00; 41.18
27488763.412994; 0.00; 0.00; 41.20
27504702.058998; 0.00; 0.00; 41.22
27522773.514999; 0.00; 0.00; 41.25
27537014.540001; 0.00; 0.00; 41.28
27552622.325996; 0.00; 0.00; 41.30
27568880.557999; 0.00; 0.00; 41.32
27584611.002998; 0.00; 0.00; 41.35
27601333.173996; 0.00; 0.00; 41.38
27617414.856995; 0.00; 0.00; 41.40
27634459.574997; 0.00; 0.00; 41.43
27648813.298996; 0.00; 0.00; 41.45
27666403.437004; 0.00; 0.00; 41.48
27681129.301994; 0.00; 0.00; 41.50
27696655.045998; 0.00; 0.00; 41.53
27713714.874001; 0.00; 0.00; 41.56
27728862.459999; 0.00; 0.00; 41.58
27746161.456993; 0.00; 0.00; 41.61
27760688.667000; 0.00; 0.00; 41.63
27777829.147995; 0.00; 0.00; 41.66
27798619.106995; 0.00; 0.00; 41.68
27810194.334999; 0.00; 0.00; 41.71
27825679.700996; 0.00; 0.00; 41.73
27842385.617004; 0.00; 0.00; 41.76
27856649.458992; 0.00; 0.00; 41.78
27873176.896996; 0.00; 0.00; 41.81
27890546.472992; 0.00; 0.00; 41.84
27905169.889000; 0.00; 0.00; 41.86
27922024.790001; 0.00; 0.00; 41.89
27938715.614998; 0.00; 0.00; 41.91
27952614.111000; 0.00; 0.00; 41.93
27972453.945000; 0.00; 0.00; 41.96
27984916.764999; 0.00; 0.00; 41.98
28003138.577995; 0.00; 0.00; 42.00
28019048.681999; 0.00; 0.00; 42.02
28033561.829002; 0.00; 0.00; 42.04
28048619.253998; 0.00; 0.00; 42.05
28064670.021996; 0.00; 0.00; 42.07
28080612.260994; 0.00; 0.00; 42.09
28096644.889999; 0.00; 0.00; 42.11
28115569.417992; 0.00; 0.00; 42.13
28130235.260994; 0.00; 0.00; 42.15
28146016.434998; 0.00; 0.00; 42.17
28161521.150002; 0.00; 0.00; 42.19
28178343.029991; 0.00; 0.00; 42.21
28193012.830994; 0.00; 0.00; 42.23
28208643.616997; 0.00; 0.00; 42.24
28224680.431999; 0.00; 0.00; 42.26
28242736.195000; 0.00; 0.00; 42.28
28258329.724998; 0.00; 0.00; 42.30
28273979.761002; 0.00; 0.00; 42.32
28288755.036003; 0.00; 0.00; 42.34
28304614.610992; 0.00; 0.00; 42.36
28320756.002998; 0.00; 0.00; 42.38
28336626.189995; 0.00; 0.00; 42.40
28352828.043999; 0.00; 0.00; 42.42
28368983.071999; 0.00; 0.00; 42.44
28385916.917000; 0.00; 0.00; 42.46
28402428.035995; 0.00; 0.00; 42.48
28417202.835999; 0.00; 0.00; 42.49
28433512.242996; 0.00; 0.00; 42.51
28448634.778999; 0.00; 0.00; 42.53
28465789.872993; 0.00; 0.00; 42.55
28480722.272003; 0.00; 0.00; 42.57
28496657.779999; 0.00; 0.00; 42.59
28513422.387001; 0.00; 0.00; 42.61
28530271.080994; 0.00; 0.00; 42.63
28545041.490997; 0.00; 0.00; 42.64
28561507.263000; 0.00; 0.00; 42.66
28576653.374992; 0.00; 0.00; 42.68
28593006.391998; 0.00; 0.00; 42.70
28610801.594002; 0.00; 0.00; 42.72
28625065.946999; 0.00; 0.00; 42.74
28641594.316994; 0.00; 0.00; 42.76
28657754.740997; 0.00; 0.00; 42.77
28674602.542000; 0.00; 0.00; 42.78
28688681.583000; 0.00; 0.00; 42.79
28705786.980995; 0.00; 0.00; 42.81
28720714.551994; 0.00; 0.00; 42.82
28737926.730995; 0.00; 0.00; 42.83
28754923.444992; 0.00; 0.00; 42.85
28768744.862999; 0.00; 0.00; 42.86
28788481.232994; 0.00; 0.00; 42.87
28801115.409996; 0.00; 0.00; 42.88
28817121.962997; 0.00; 0.00; 42.89
28832913.265999; 0.00; 0.00; 42.91
28849776.497993; 0.00; 0.00; 42.92
28865813.071999; 0.00; 0.00; 42.93
28882325.461998; 0.00; 0.00; 42.95
28896655.822998; 0.00; 0.00; 42.96
28912968.460999; 0.00; 0.00; 42.97
28928685.242996; 0.00; 0.00; 42.98
28946252.027000; 0.00; 0.00; 43.00
28960770.694000; 0.00; 0.00; 43.01
28976981.869003; 0.00; 0.00; 43.02
28994146.410995; 0.00; 0.00; 43.04
29008783.074997; 0.00; 0.00; 43.05
29024640.472000; 0.00; 0.00; 43.06
29044668.499992; 0.00; 0.00; 43.07
29058337.467995; 0.00; 0.00; 43.09
29072975.688995; 0.00; 0.00; 43.10
29090340.866997; 0.00; 0.00; 43.11
29105059.589996; 0.00; 0.00; 43.12
29122098.537994; 0.00; 0.00; 43.14
29138470.759003; 0.00; 0.00; 43.15
29152752.164993; 0.00; 0.00; 43.16
29170045.168991; 0.00; 0.00; 43.17
29184815.318001; 0.00; 0.00; 43.19
29201127.402000; 0.00; 0.00; 43.20
29216700.973999; 0.00; 0.00; 43.21
29233760.458992; 0.00; 0.00; 43.22
29248639.224998; 0.00; 0.00; 43.24
29266736.552994; 0.00; 0.00; 43.25
29280661.932999; 0.00; 0.00; 43.26
29297762.187996; 0.00; 0.00; 43.28
29312655.379997; 0.00; 0.00; 43.29
29329717.000000; 0.00; 0.00; 43.30
29344708.171997; 0.00; 0.00; 43.31
29361236.770004; 0.00; 0.00; 43.33
29377403.363998; 0.00; 0.00; 43.34
29392639.407997; 0.00; 0.00; 43.35
29408607.445000; 0.00; 0.00; 43.36
29425989.652000; 0.00; 0.00; 43.38
29441370.936996; 0.00; 0.00; 43.39
29456721.131996; 0.00; 0.00; 43.40
29474460.525002; 0.00; 0.00; 43.42
29488755.406998; 0.00; 0.00; 43.43
29505576.374992; 0.00; 0.00; 43.44
29522287.302994; 0.00; 0.00; 43.45
29536668.974998; 0.00; 0.00; 43.46
29552637.774994; 0.00; 0.00; 43.48
29571103.000992; 0.00; 0.00; 43.49
29586080.046997; 0.00; 0.00; 43.50
29601448.286003; 0.00; 0.00; 43.51
29616662.092995; 0.00; 0.00; 43.53
29632928.528000; 0.00; 0.00; 43.54
29649833.246002; 0.00; 0.00; 43.55
29664716.672997; 0.00; 0.00; 43.57
29682537.856995; 0.00; 0.00; 43.58
29697258.646996; 0.00; 0.00; 43.59
29713731.205002; 0.00; 0.00; 43.61
29728598.704994; 0.00; 0.00; 43.62
29745677.156998; 0.00; 0.00; 43.63
29760637.864998; 0.00; 0.00; 43.64
29776805.605995; 0.00; 0.00; 43.65
29793156.809998; 0.00; 0.00; 43.67
29809059.436996; 0.00; 0.00; 43.68
29824651.820999; 0.00; 0.00; 43.69
29842042.313995; 0.00; 0.00; 43.71
29858760.289001; 0.00; 0.00; 43.72
29873362.099998; 0.00; 0.00; 43.73
29889462.182999; 0.00; 0.00; 43.74
29904631.383995; 0.00; 0.00; 43.76
29921398.871994; 0.00; 0.00; 43.77
29936686.695999; 0.00; 0.00; 43.78
29953980.102997; 0.00; 0.00; 43.80
29971521.022995; 0.00; 0.00; 43.81
29985049.107994; 0.00; 0.00; 43.82
30002505.110992; 0.00; 0.00; 43.83
30016744.607994; 0.00; 0.00; 43.84
30032632.306000; 0.00; 0.00; 43.86
30048710.268997; 0.00; 0.00; 43.87
30064685.139000; 0.00; 0.00; 43.88
30082607.467995; 0.00; 0.00; 43.90
30098800.022995; 0.00; 0.00; 43.91
30112731.088997; 0.00; 0.00; 43.92
30128593.514999; 0.00; 0.00; 43.93
30145062.011002; 0.00; 0.00; 43.95
30161750.233002; 0.00; 0.00; 43.96
30178454.357002; 0.00; 0.00; 43.97
30192650.422997; 0.00; 0.00; 43.98
30209388.585999; 0.00; 0.00; 44.00
30224713.071999; 0.00; 0.00; 44.01
30243068.134003; 0.00; 0.00; 44.02
30257990.024994; 0.00; 0.00; 44.04
30272627.956001; 0.00; 0.00; 44.05
30288664.081993; 0.00; 0.00; 44.06
30304650.431999; 0.00; 0.00; 44.07
30321961.897995; 0.00; 0.00; 44.09
30338740.563995; 0.00; 0.00; 44.10
30353132.786003; 0.00; 0.00; 44.11
30368854.639999; 0.00; 0.00; 44.12
30385050.002998; 0.00; 0.00; 44.14
30400612.100998; 0.00; 0.00; 44.15
30416587.198997; 0.00; 0.00; 44.16
30432675.454994; 0.00; 0.00; 44.17
30448629.603996; 0.00; 0.00; 44.19
30464976.091995; 0.00; 0.00; 44.20
30481967.232994; 0.00; 0.00; 44.21
30497790.040001; 0.00; 0.00; 44.23
30512635.120995; 0.00; 0.00; 44.24
30528615.813004; 0.00; 0.00; 44.25
30547118.142998; 0.00; 0.00; 44.27
30562936.311996; 0.00; 0.00; 44.28
30576880.580002; 0.00; 0.00; 44.29
30594544.076996; 0.00; 0.00; 44.30
30609219.846001; 0.00; 0.00; 44.32
30624647.048996; 0.00; 0.00; 44.33
30640645.142998; 0.00; 0.00; 44.34
30656956.288994; 0.00; 0.00; 44.34
30674670.225998; 0.00; 0.00; 44.35
30689777.767998; 0.00; 0.00; 44.36
30704620.950996; 0.00; 0.00; 44.36
30721585.888992; 0.00; 0.00; 44.37
30736980.337997; 0.00; 0.00; 44.37
30753114.582993; 0.00; 0.00; 44.38
30769062.229996; 0.00; 0.00; 44.39
30789140.025993; 0.00; 0.00; 44.40
30801489.978996; 0.00; 0.00; 44.40
30816629.837997; 0.00; 0.00; 44.41
30833486.542000; 0.00; 0.00; 44.41
30849615.533997; 0.00; 0.00; 44.42
30866671.723000; 0.00; 0.00; 44.43
30882328.926994; 0.00; 0.00; 44.43
30897992.503998; 0.00; 0.00; 44.44
30915563.959000; 0.00; 0.00; 44.45
30929336.745995; 0.00; 0.00; 44.45
30944636.551994; 0.00; 0.00; 44.46
30962812.001999; 0.00; 0.00; 44.46
30977743.159004; 0.00; 0.00; 44.47
30992887.951996; 0.00; 0.00; 44.48
31008650.132004; 0.00; 0.00; 44.48
31024674.466003; 0.00; 0.00; 44.49
31040905.622993; 0.00; 0.00; 44.50
31056639.989998; 0.00; 0.00; 44.50
31073972.087997; 0.00; 0.00; 44.51
31091036.217995; 0.00; 0.00; 44.52
31104934.847000; 0.00; 0.00; 44.52
31120822.976997; 0.00; 0.00; 44.53
31136976.457001; 0.00; 0.00; 44.53
31154494.014000; 0.00; 0.00; 44.54
31169112.595993; 0.00; 0.00; 44.55
31186208.616997; 0.00; 0.00; 44.55
31201094.167000; 0.00; 0.00; 44.56
31216624.766998; 0.00; 0.00; 44.56
31234171.825996; 0.00; 0.00; 44.57
31249397.136993; 0.00; 0.00; 44.58
31264647.862991; 0.00; 0.00; 44.58
31282563.942001; 0.00; 0.00; 44.59
31303173.459000; 0.00; 0.00; 44.60
31313515.337997; 0.00; 0.00; 44.60
31328626.815994; 0.00; 0.00; 44.61
31345814.585999; 0.00; 0.00; 44.62
31360713.514999; 0.00; 0.00; 44.62
31376695.100998; 0.00; 0.00; 44.63
31395830.946999; 0.00; 0.00; 44.64
31410590.776001; 0.00; 0.00; 44.64
31424758.567001; 0.00; 0.00; 44.65
31442132.199997; 0.00; 0.00; 44.65
31456627.306000; 0.00; 0.00; 44.66
31473942.552994; 0.00; 0.00; 44.67
31490418.651993; 0.00; 0.00; 44.67
31504617.434998; 0.00; 0.00; 44.68
31521901.808998; 0.00; 0.00; 44.69
31536942.154999; 0.00; 0.00; 44.69
31554827.370003; 0.00; 0.00; 44.70
31568877.503998; 0.00; 0.00; 44.70
31585498.150002; 0.00; 0.00; 44.71
31600767.137993; 0.00; 0.00; 44.72
31616674.745003; 0.00; 0.00; 44.72
31632661.144997; 0.00; 0.00; 44.73
31649851.189995; 0.00; 0.00; 44.74
31664644.734001; 0.00; 0.00; 44.74
31682525.644997; 0.00; 0.00; 44.75
31696677.414993; 0.00; 0.00; 44.76
31714222.889999; 0.00; 0.00; 44.76
31728684.717003; 0.00; 0.00; 44.77
31745429.459999; 0.00; 0.00; 44.77
31763127.381996; 0.00; 0.00; 44.78
31778078.677994; 0.00; 0.00; 44.79
31792894.352997; 0.00; 0.00; 44.79
31810012.594002; 0.00; 0.00; 44.80
31825678.966995; 0.00; 0.00; 44.81
31842824.139999; 0.00; 0.00; 44.81
31856610.884995; 0.00; 0.00; 44.82
31873936.805000; 0.00; 0.00; 44.83
31889458.098999; 0.00; 0.00; 44.83
31904685.899002; 0.00; 0.00; 44.84
31920913.250999; 0.00; 0.00; 44.84
31936754.874001; 0.00; 0.00; 44.85
31954294.852997; 0.00; 0.00; 44.86
31968631.971001; 0.00; 0.00; 44.86
31984644.376999; 0.00; 0.00; 44.87
32000715.360001; 0.00; 0.00; 44.88
32016689.690002; 0.00; 0.00; 44.88
32034139.069992; 0.00; 0.00; 44.89
32048646.864998; 0.00; 0.00; 44.89
32066523.469994; 0.00; 0.00; 44.90
32080640.521996; 0.00; 0.00; 44.91
32098773.718002; 0.00; 0.00; 44.91
32112621.341995; 0.00; 0.00; 44.92
32130093.337997; 0.00; 0.00; 44.93
32144662.146996; 0.00; 0.00; 44.93
32160601.934998; 0.00; 0.00; 44.94
32176596.253998; 0.00; 0.00; 44.94
32193265.818993; 0.00; 0.00; 44.95
32210217.882996; 0.00; 0.00; 44.96
32224686.368004; 0.00; 0.00; 44.96
32240677.824997; 0.00; 0.00; 44.97
32257921.195999; 0.00; 0.00; 44.98
32274574.921997; 0.00; 0.00; 44.98
32289585.113998; 0.00; 0.00; 44.99
32306061.072998; 0.00; 0.00; 45.00
32320933.405998; 0.00; 0.00; 45.00
32338528.559998; 0.00; 0.00; 45.01
32352990.008995; 0.00; 0.00; 45.01
32371362.978996; 0.00; 0.00; 45.02
32385219.886002; 0.00; 0.00; 45.03
32400609.016998; 0.00; 0.00; 45.03
32419236.373001; 0.00; 0.00; 45.04
32433587.040001; 0.00; 0.00; 45.05
32448994.348000; 0.00; 0.00; 45.05
32466271.189995; 0.00; 0.00; 45.06
32482897.250000; 0.00; 0.00; 45.07
32496629.747002; 0.00; 0.00; 45.07
32512619.821999; 0.00; 0.00; 45.08
32528634.960999; 0.00; 0.00; 45.08
32544731.836998; 0.00; 0.00; 45.09
32563065.938004; 0.00; 0.00; 45.10
32578689.367996; 0.00; 0.00; 45.10
32595351.173996; 0.00; 0.00; 45.11
32608816.076004; 0.00; 0.00; 45.12
32624680.334000; 0.00; 0.00; 45.12
32641986.311996; 0.00; 0.00; 45.12
32656696.004997; 0.00; 0.00; 45.12
32672774.951996; 0.00; 0.00; 45.12
32689992.539001; 0.00; 0.00; 45.12
32704981.039993; 0.00; 0.00; 45.12
32721320.989998; 0.00; 0.00; 45.12
32738155.334000; 0.00; 0.00; 45.12
32754486.874001; 0.00; 0.00; 45.12
32768609.778000; 0.00; 0.00; 45.12
32789683.494003; 0.00; 0.00; 45.12
32801751.933998; 0.00; 0.00; 45.12
32816874.278000; 0.00; 0.00; 45.12
32832616.197998; 0.00; 0.00; 45.12
32849860.227997; 0.00; 0.00; 45.12
32865741.167999; 0.00; 0.00; 45.12
32880724.460999; 0.00; 0.00; 45.12
32897740.302994; 0.00; 0.00; 45.12
32912684.922005; 0.00; 0.00; 45.12
32930432.532997; 0.00; 0.00; 45.12
32944622.039993; 0.00; 0.00; 45.12
32960635.873001; 0.00; 0.00; 45.12
32978778.420998; 0.00; 0.00; 45.12
32992745.130997; 0.00; 0.00; 45.12
33010034.980995; 0.00; 0.00; 45.12
33024638.603996; 0.00; 0.00; 45.12
33040608.339005; 0.00; 0.00; 45.12
33057320.753998; 0.00; 0.00; 45.12
33072762.326996; 0.00; 0.00; 45.12
33090177.664001; 0.00; 0.00; 45.12
33105035.967995; 0.00; 0.00; 45.12
33122149.426994; 0.00; 0.00; 45.12
33137128.597000; 0.00; 0.00; 45.12
33154988.938995; 0.00; 0.00; 45.12
33168684.031998; 0.00; 0.00; 45.12
33184768.807999; 0.00; 0.00; 45.12
33200610.846001; 0.00; 0.00; 45.12
33217123.003998; 0.00; 0.00; 45.12
33232652.999992; 0.00; 0.00; 45.12
33248642.841003; 0.00; 0.00; 45.12
33264642.522995; 0.00; 0.00; 45.12
33282923.528999; 0.00; 0.00; 45.12
33296875.988998; 0.00; 0.00; 45.12
33315251.956993; 0.00; 0.00; 45.12
33329770.110001; 0.00; 0.00; 45.12
33345388.374001; 0.00; 0.00; 45.12
33362878.956001; 0.00; 0.00; 45.12
33377342.455002; 0.00; 0.00; 45.12
33394152.134995; 0.00; 0.00; 45.12
33408600.813995; 0.00; 0.00; 45.12
33424651.565994; 0.00; 0.00; 45.12
33440622.014000; 0.00; 0.00; 45.12
33457708.615997; 0.00; 0.00; 45.12
33472698.555000; 0.00; 0.00; 45.12
33489279.246994; 0.00; 0.00; 45.12
33506243.208992; 0.00; 0.00; 45.12
33522025.964996; 0.00; 0.00; 45.12
33537087.159996; 0.00; 0.00; 45.12
33552656.692993; 0.00; 0.00; 45.12
33568611.250000; 0.00; 0.00; 45.12
33587253.536003; 0.00; 0.00; 45.12
33600904.803001; 0.00; 0.00; 45.12
33616661.881996; 0.00; 0.00; 45.12
33634779.329994; 0.00; 0.00; 45.12
33648654.227997; 0.00; 0.00; 45.12
33664650.729996; 0.00; 0.00; 45.12
33682705.892998; 0.00; 0.00; 45.12
33696720.949997; 0.00; 0.00; 45.12
33714093.038002; 0.00; 0.00; 45.12
33730487.700996; 0.00; 0.00; 45.12
33744666.708000; 0.00; 0.00; 45.12
33762754.904999; 0.00; 0.00; 45.12
33776725.515999; 0.00; 0.00; 45.12
33792714.098999; 0.00; 0.00; 45.12
33808783.361000; 0.00; 0.00; 45.12
33826230.698997; 0.00; 0.00; 45.12
33840714.008995; 0.00; 0.00; 45.12
33856893.834999; 0.00; 0.00; 45.12
33874516.600990; 0.00; 0.00; 45.12
33890877.310997; 0.00; 0.00; 45.12
33905040.037994; 0.00; 0.00; 45.12
33922352.984993; 0.00; 0.00; 45.12
33936913.982002; 0.00; 0.00; 45.12
33952646.963997; 0.00; 0.00; 45.12
33968625.214996; 0.00; 0.00; 45.12
33984611.880997; 0.00; 0.00; 45.12
34000743.668999; 0.00; 0.00; 45.12
34016855.646996; 0.00; 0.00; 45.12
34032710.503998; 0.00; 0.00; 45.12
34050010.129997; 0.00; 0.00; 45.12
34064837.210999; 0.00; 0.00; 45.12
34080647.336998; 0.00; 0.00; 45.12
34096725.613998; 0.00; 0.00; 45.12
34112842.137001; 0.00; 0.00; 45.12
34132838.642998; 0.00; 0.00; 45.12
34147866.839005; 0.00; 0.00; 45.12
34162044.584991; 0.00; 0.00; 45.12
34176834.042992; 0.00; 0.00; 45.12
34193859.851997; 0.00; 0.00; 45.12
34210330.250999; 0.00; 0.00; 45.12
34224638.637001; 0.00; 0.00; 45.12
34240897.743996; 0.00; 0.00; 45.12
34258179.934998; 0.00; 0.00; 45.12
34272801.737000; 0.00; 0.00; 45.12
34290114.223999; 0.00; 0.00; 45.12
34304993.252991; 0.00; 0.00; 45.12
34322074.642998; 0.00; 0.00; 45.12
34339133.856995; 0.00; 0.00; 45.12
34352725.653000; 0.00; 0.00; 45.12
34370535.492996; 0.00; 0.00; 45.12
34384681.347992; 0.00; 0.00; 45.12
34400729.943993; 0.00; 0.00; 45.12
34416944.363998; 0.00; 0.00; 45.12
34433970.392998; 0.00; 0.00; 45.12
34448647.709999; 0.00; 0.00; 45.12
34464842.150993; 0.00; 0.00; 45.12
34480863.192993; 0.00; 0.00; 45.12
34497825.767998; 0.00; 0.00; 45.12
34512620.072998; 0.00; 0.00; 45.12
34529434.385002; 0.00; 0.00; 45.12
34544690.709000; 0.00; 0.00; 45.12
34560614.575996; 0.00; 0.00; 45.12
34578853.899002; 0.00; 0.00; 45.12
34594550.733994; 0.00; 0.00; 45.12
34608685.811996; 0.00; 0.00; 45.12
34625803.156998; 0.00; 0.00; 45.12
34640630.458000; 0.00; 0.00; 45.12
34656684.872993; 0.00; 0.00; 45.12
34673077.029991; 0.00; 0.00; 45.12
34690355.400993; 0.00; 0.00; 45.12
34705309.103996; 0.00; 0.00; 45.12
34722815.927994; 0.00; 0.00; 45.12
34739459.707001; 0.00; 0.00; 45.12
34752621.629997; 0.00; 0.00; 45.12
34768635.842995; 0.00; 0.00; 45.12
34787649.302994; 0.00; 0.00; 45.12
34800651.523994; 0.00; 0.00; 45.12
34816845.915001; 0.00; 0.00; 45.12
34832705.270996; 0.00; 0.00; 45.12
34849714.069000; 0.00; 0.00; 45.12
34866260.747002; 0.00; 0.00; 45.12
34881207.368996; 0.00; 0.00; 45.12
34896766.097992; 0.00; 0.00; 45.12
34912628.229996; 0.00; 0.00; 45.12
34929976.896996; 0.00; 0.00; 45.12
34944620.224998; 0.00; 0.00; 45.12
34963311.017998; 0.00; 0.00; 45.12
34977217.842995; 0.00; 0.00; 45.12
34994556.867996; 0.00; 0.00; 45.12
35009476.390999; 0.00; 0.00; 45.12
35025638.600998; 0.00; 0.00; 45.12
35043305.684998; 0.00; 0.00; 45.12
35057359.677002; 0.00; 0.00; 45.12
35073252.066994; 0.00; 0.00; 45.12
35089104.288994; 0.00; 0.00; 45.12
35106203.636002; 0.00; 0.00; 45.12
35122708.098999; 0.00; 0.00; 45.12
35136714.654999; 0.00; 0.00; 45.12
35152900.779991; 0.00; 0.00; 45.12
35168809.437004; 0.00; 0.00; 45.12
35186099.018997; 0.00; 0.00; 45.12
35200763.934998; 0.00; 0.00; 45.12
35217139.844002; 0.00; 0.00; 45.12
35232662.278000; 0.00; 0.00; 45.12
35249261.557991; 0.00; 0.00; 45.12
35266460.336998; 0.00; 0.00; 45.12
35280907.763992; 0.00; 0.00; 45.12
35297619.117996; 0.00; 0.00; 45.12
35314614.164993; 0.00; 0.00; 45.12
35328666.425995; 0.00; 0.00; 45.12
35345285.048996; 0.00; 0.00; 45.12
35362377.755997; 0.00; 0.00; 45.12
35376699.767998; 0.00; 0.00; 45.12
35394399.800003; 0.00; 0.00; 45.12
35408606.713997; 0.00; 0.00; 45.12
35425297.556000; 0.00; 0.00; 45.12
35442258.066002; 0.00; 0.00; 45.12
35458635.991997; 0.00; 0.00; 45.12
35473182.534996; 0.00; 0.00; 45.12
35490387.249001; 0.00; 0.00; 45.12
35504767.833992; 0.00; 0.00; 45.12
35520635.264000; 0.00; 0.00; 45.12
35537297.572998; 0.00; 0.00; 45.12
35552710.091003; 0.00; 0.00; 45.12
35568621.582001; 0.00; 0.00; 45.12
35587280.953003; 0.00; 0.00; 45.12
35602067.670998; 0.00; 0.00; 45.12
35616654.843002; 0.00; 0.00; 45.12
35632664.004997; 0.00; 0.00; 45.12
35648638.746994; 0.00; 0.00; 45.12
35666184.605003; 0.00; 0.00; 45.12
35680927.020996; 0.00; 0.00; 45.12
35698204.562996; 0.00; 0.00; 45.12
35714124.885002; 0.00; 0.00; 45.12
35728717.503998; 0.00; 0.00; 45.12
35744625.177994; 0.00; 0.00; 45.12
35761019.846992; 0.00; 0.00; 45.12
35776646.868996; 0.00; 0.00; 45.12
35794047.429993; 0.00; 0.00; 45.12
35808677.676994; 0.00; 0.00; 45.12
35824621.596992; 0.00; 0.00; 45.12
35840715.732002; 0.00; 0.00; 45.12
35857276.711998; 0.00; 0.00; 45.12
35873080.304001; 0.00; 0.00; 45.12
35890649.526993; 0.00; 0.00; 45.12
35904749.003998; 0.00; 0.00; 45.12
35922632.584999; 0.00; 0.00; 45.12
35936613.675995; 0.00; 0.00; 45.12
35954159.633995; 0.00; 0.00; 45.12
35968659.037003; 0.00; 0.00; 45.12
35985068.181999; 0.00; 0.00; 45.12
36002248.048996; 0.00; 0.00; 45.12
36016671.533997; 0.00; 0.00; 45.12
36033754.863998; 0.00; 0.00; 45.12
36050425.907997; 0.00; 0.00; 45.12
