21635731.652000; 0.00; 0.00; 0.00
21650387.163994; 0.00; 0.00; 0.00
21665035.030991; 0.00; 0.00; 0.00
21682531.104996; 0.00; 0.00; 0.00
21698289.980995; 0.00; 0.00; 0.00
21714521.361000; 0.00; 0.00; 0.00
21729573.551994; 0.00; 0.00; 0.00
21744805.253998; 0.00; 0.00; 0.00
21761120.680992; 0.00; 0.00; 0.00
21777766.848991; 0.00; 0.00; 0.00
21793333.227997; 0.00; 0.00; 0.00
21810325.487000; 0.00; 0.00; 0.00
21825897.381996; 0.00; 0.00; 0.00
21842446.363998; 0.00; 0.00; 0.00
21858060.755997; 0.00; 0.00; 0.00
21872733.880997; 0.00; 0.00; 0.00
21888771.761993; 0.00; 0.00; 0.00
21905847.145996; 0.00; 0.00; 0.00
21921334.782990; 0.00; 0.00; 0.00
21938905.945000; 0.00; 0.00; 0.00
21953898.793999; 0.00; 0.00; 0.00
21968891.984993; 0.00; 0.00; 0.00
21984858.514000; 0.00; 0.00; 0.00
22002588.493996; 0.00; 0.00; 0.00
22018983.345001; 0.00; 0.00; 0.00
22032701.747993; 0.00; 0.00; 0.00
22050107.723000; 0.00; 0.00; 0.00
22066856.154999; 0.00; 0.00; 0.00
22081521.709000; 0.00; 0.00; 0.00
22096981.167000; 0.00; 0.00; 0.00
22117679.991997; 0.00; 0.00; 0.00
22128795.387001; 0.00; 0.00; 0.00
22144744.319992; 0.00; 0.00; 0.00
22161865.286995; 0.00; 0.00; 0.00
22178189.001999; 0.00; 0.00; 0.00
22193181.347000; 0.00; 0.00; 0.00
22216384.390991; 0.00; 0.00; 0.00
22228187.456993; 0.00; 0.00; 0.00
22240878.853996; 0.00; 0.00; 0.00
22256803.181999; 0.00; 0.00; 0.00
22275237.292000; 0.00; 0.00; 0.00
22289117.560997; 0.00; 0.00; 0.00
22305868.903000; 0.00; 0.00; 1.41
22320777.267998; 0.00; 0.00; 2.88
22337411.598991; 0.00; 0.00; 4.64
22355400.213989; 0.00; 0.00; 6.37
22368847.063995; 0.00; 0.00; 7.80
22387395.194992; 0.00; 0.00; 9.70
22400694.618996; 0.00; 0.00; 10.93
22418051.695999; 0.00; 0.00; 12.67
22432780.814003; 0.00; 0.00; 14.02
22450723.226997; 0.00; 0.00; 15.72
22464693.822998; 0.00; 0.00; 17.02
22481840.674995; 0.00; 0.00; 18.64
22499331.652000; 0.00; 0.00; 20.16
22512766.278000; 0.00; 0.00; 21.37
22529692.903999; 0.00; 0.00; 22.80
22544841.334000; 0.00; 0.00; 23.97
22560893.074997; 0.00; 0.00; 25.41
22577384.547997; 0.00; 0.00; 26.83
22593971.828995; 0.00; 0.00; 28.23
22608742.252998; 0.00; 0.00; 29.21
22624717.438995; 0.00; 0.00; 30.45
22642886.857994; 0.00; 0.00; 31.83
22656701.270996; 0.00; 0.00; 32.88
22673772.930000; 0.00; 0.00; 34.10
22690797.737000; 0.00; 0.00; 35.47
22707243.199997; 0.00; 0.00; 36.56
22722876.519997; 0.00; 0.00; 37.63
22736770.013992; 0.00; 0.00; 38.61
22755796.325996; 0.00; 0.00; 39.82
22770829.699997; 0.00; 0.00; 40.87
22784863.326996; 0.00; 0.00; 41.84
22801309.471992; 0.00; 0.00; 42.92
22817918.077995; 0.00; 0.00; 43.94
22832825.795998; 0.00; 0.00; 44.84
22850275.512001; 0.00; 0.00; 45.93
22865450.468994; 0.00; 0.00; 46.83
22880748.149994; 0.00; 0.00; 47.71
22897337.519997; 0.00; 0.00; 48.72
22912924.514000; 0.00; 0.00; 49.64
22930156.304993; 0.00; 0.00; 50.59
22944705.688995; 0.00; 0.00; 51.35
22961667.081001; 0.00; 0.00; 52.35
22977150.698997; 0.00; 0.00; 53.11
22995366.419998; 0.00; 0.00; 54.22
23008710.151993; 0.00; 0.00; 54.83
23025104.701996; 0.00; 0.00; 55.68
23040798.240997; 0.00; 0.00; 56.43
23056798.755997; 0.00; 0.00; 57.20
23072695.172997; 0.00; 0.00; 57.95
23090500.506996; 0.00; 0.00; 58.82
23104704.011993; 0.00; 0.00; 59.48
23120760.711990; 0.00; 0.00; 60.14
23138851.310997; 0.00; 0.00; 61.00
23154158.815994; 0.00; 0.00; 61.67
23168849.953995; 0.00; 0.00; 62.33
23187330.622993; 0.00; 0.00; 63.11
23200811.533997; 0.00; 0.00; 63.69
23217887.053993; 0.00; 0.00; 64.38
23233763.240997; 0.00; 0.00; 65.01
23250392.796997; 0.00; 0.00; 65.66
23265657.293999; 0.00; 0.00; 66.26
23280726.639999; 0.00; 0.00; 66.84
23301305.824997; 0.00; 0.00; 67.64
23314484.762001; 0.00; 0.00; 68.11
23329428.874001; 0.00; 0.00; 68.66
23347600.606995; 0.00; 0.00; 69.29
23361933.533997; 0.00; 0.00; 69.85
23378057.425995; 0.00; 0.00; 70.44
23392794.154999; 0.00; 0.00; 70.94
23408901.868996; 0.00; 0.00; 71.53
23427271.789993; 0.00; 0.00; 72.11
23441148.701996; 0.00; 0.00; 72.57
23459459.463997; 0.00; 0.00; 73.16
23472979.856995; 0.00; 0.00; 73.61
23489845.300995; 0.00; 0.00; 74.16
23504737.311996; 0.00; 0.00; 74.57
23520932.606995; 0.00; 0.00; 75.06
23538064.772995; 0.00; 0.00; 75.54
23552795.505997; 0.00; 0.00; 75.93
23569897.926994; 0.00; 0.00; 76.45
23586611.255997; 0.00; 0.00; 76.93
23600713.608994; 0.00; 0.00; 77.31
23617046.181999; 0.00; 0.00; 77.75
23634087.395996; 0.00; 0.00; 78.21
23650909.215996; 0.00; 0.00; 78.65
23665525.126999; 0.00; 0.00; 79.04
23682778.381996; 0.00; 0.00; 79.50
23697746.673996; 0.00; 0.00; 79.85
23715086.942001; 0.00; 0.00; 80.28
23731952.423996; 0.00; 0.00; 80.65
23746470.542992; 0.00; 0.00; 81.01
23761280.788994; 0.00; 0.00; 81.35
23777066.951996; 0.00; 0.00; 81.73
23793627.870003; 0.00; 0.00; 82.12
23809590.095001; 0.00; 0.00; 82.46
23826678.509995; 0.00; 0.00; 82.81
23840766.326996; 0.00; 0.00; 83.08
23858046.363998; 0.00; 0.00; 83.45
23872851.146996; 0.00; 0.00; 83.76
23891600.827995; 0.00; 0.00; 84.13
23906503.927002; 0.00; 0.00; 84.43
23921182.398003; 0.00; 0.00; 84.68
23937972.698990; 0.00; 0.00; 85.01
23952828.045998; 0.00; 0.00; 85.27
23970039.998001; 0.00; 0.00; 85.59
23984737.989998; 0.00; 0.00; 85.83
24001185.140991; 0.00; 0.00; 86.15
24018966.686996; 0.00; 0.00; 86.46
24033436.629990; 0.00; 0.00; 86.72
24048760.328995; 0.00; 0.00; 86.97
24064713.354996; 0.00; 0.00; 87.25
24082336.613998; 0.00; 0.00; 87.57
24099151.496994; 0.00; 0.00; 87.85
24116337.627991; 0.00; 0.00; 88.12
24129261.823997; 0.00; 0.00; 88.29
24146921.611992; 0.00; 0.00; 88.59
24161802.307991; 0.00; 0.00; 88.83
24176890.507996; 0.00; 0.00; 89.05
24193574.751999; 0.00; 0.00; 89.31
24209877.949997; 0.00; 0.00; 89.54
24224763.601997; 0.00; 0.00; 89.74
24241871.512001; 0.00; 0.00; 89.97
24257281.651993; 0.00; 0.00; 90.18
24272766.860992; 0.00; 0.00; 90.37
24288775.918999; 0.00; 0.00; 90.60
24305395.555000; 0.00; 0.00; 90.82
24321856.475998; 0.00; 0.00; 91.02
24336883.158997; 0.00; 0.00; 91.20
24355097.415993; 0.00; 0.00; 91.41
24368737.418999; 0.00; 0.00; 91.59
24384863.873993; 0.00; 0.00; 91.77
24401816.587997; 0.00; 0.00; 92.00
24418596.567993; 0.00; 0.00; 92.19
24432833.018997; 0.00; 0.00; 92.35
24451456.865997; 0.00; 0.00; 92.56
24467478.806000; 0.00; 0.00; 92.75
24481311.733994; 0.00; 0.00; 92.91
24498937.934990; 0.00; 0.00; 93.10
24512735.072998; 0.00; 0.00; 93.25
24529072.981995; 0.00; 0.00; 93.42
24545570.032997; 0.00; 0.00; 93.58
24561261.634995; 0.00; 0.00; 93.74
24578059.984001; 0.00; 0.00; 93.92
24593247.965996; 0.00; 0.00; 94.06
24609836.196999; 0.00; 0.00; 94.22
24624812.435997; 0.00; 0.00; 94.35
24640805.675003; 0.00; 0.00; 94.47
24656801.122002; 0.00; 0.00; 94.60
24674440.229996; 0.00; 0.00; 94.76
24689681.469994; 0.00; 0.00; 94.89
24706002.141998; 0.00; 0.00; 95.02
24721833.491997; 0.00; 0.00; 95.16
24739906.206993; 0.00; 0.00; 95.30
24752726.836998; 0.00; 0.00; 95.41
24769463.786995; 0.00; 0.00; 95.55
24784780.562996; 0.00; 0.00; 95.67
24801693.860992; 0.00; 0.00; 95.82
24818306.133995; 0.00; 0.00; 95.94
24832791.805992; 0.00; 0.00; 96.05
24849335.978996; 0.00; 0.00; 96.17
24865191.116997; 0.00; 0.00; 96.29
24880821.336998; 0.00; 0.00; 96.41
24898289.580002; 0.00; 0.00; 96.53
24914712.204994; 0.00; 0.00; 96.64
24931278.264992; 0.00; 0.00; 96.75
24944998.379997; 0.00; 0.00; 96.83
24962889.186996; 0.00; 0.00; 96.95
24976760.852997; 0.00; 0.00; 97.03
24994887.028000; 0.00; 0.00; 97.15
25008828.117996; 0.00; 0.00; 97.22
25024711.927002; 0.00; 0.00; 97.31
25041773.380997; 0.00; 0.00; 97.41
25056782.480995; 0.00; 0.00; 97.49
25074670.565994; 0.00; 0.00; 97.59
25089769.027992; 0.00; 0.00; 97.68
25104705.120995; 0.00; 0.00; 97.76
25123606.691002; 0.00; 0.00; 97.86
25138274.171989; 0.00; 0.00; 97.95
25153165.126999; 0.00; 0.00; 98.03
25169013.938004; 0.00; 0.00; 98.12
25187134.437996; 0.00; 0.00; 98.22
25200904.041000; 0.00; 0.00; 98.29
25218635.499992; 0.00; 0.00; 98.37
25233605.687996; 0.00; 0.00; 98.43
25251781.575996; 0.00; 0.00; 98.51
25265861.573997; 0.00; 0.00; 98.57
25280782.454994; 0.00; 0.00; 98.64
25300525.296997; -0.00; 0.01; 98.69
25313313.005997; -0.00; 0.02; 98.69
25331875.282997; -0.00; 0.03; 98.69
25345253.084999; -0.01; 0.04; 98.69
25363166.721992; -0.01; 0.05; 98.69
25377786.583992; -0.01; 0.07; 98.69
25392766.782997; -0.01; 0.08; 98.69
25411208.987999; -0.01; 0.09; 98.69
25425205.063995; -0.02; 0.10; 98.69
25441598.972000; -0.02; 0.12; 98.69
25456786.395996; -0.02; 0.13; 98.69
25473833.181999; -0.02; 0.14; 98.69
25488737.889000; -0.02; 0.15; 98.69
25504724.446999; -0.03; 0.17; 98.69
25521566.797997; -0.03; 0.18; 98.69
25536748.062996; -0.03; 0.19; 98.69
25554256.018997; -0.03; 0.21; 98.69
25568947.044991; -0.03; 0.22; 98.69
25586799.659996; -0.04; 0.23; 98.69
25600792.986992; -0.04; 0.24; 98.69
25618497.128998; -0.04; 0.26; 98.69
25633193.582993; -0.04; 0.27; 98.69
25649736.290993; -0.04; 0.28; 98.69
25664734.589996; -0.04; 0.29; 98.69
25681878.395996; -0.05; 0.31; 98.69
25698113.292000; -0.05; 0.32; 98.69
25714176.288994; -0.05; 0.33; 98.69
25729059.207993; -0.05; 0.34; 98.69
25745142.984993; -0.05; 0.36; 98.69
25760799.787994; -0.06; 0.37; 98.69
25776750.633995; -0.06; 0.38; 98.69
25793931.941994; -0.06; 0.40; 98.69
25808712.016991; -0.06; 0.41; 98.69
25824803.696999; -0.06; 0.42; 98.69
25840791.222000; -0.07; 0.43; 98.69
25856736.463997; -0.07; 0.44; 98.69
25872943.208000; -0.07; 0.46; 98.69
25889159.221001; -0.07; 0.47; 98.69
25904840.479996; -0.07; 0.48; 98.69
25921575.550995; -0.08; 0.50; 98.69
25936699.813995; -0.08; 0.51; 98.69
25953743.472992; -0.08; 0.52; 98.69
25970476.733994; -0.08; 0.54; 98.69
25985536.083000; -0.08; 0.55; 98.69
26002185.607994; -0.09; 0.56; 98.69
26018641.725998; -0.09; 0.57; 98.69
26032732.174995; -0.09; 0.58; 98.69
26050680.743996; -0.09; 0.60; 98.69
26064748.129997; -0.09; 0.61; 98.69
26081192.017998; -0.10; 0.62; 98.69
26100723.588997; -0.10; 0.64; 98.69
26115756.891998; -0.10; 0.65; 98.69
26129877.589996; -0.10; 0.66; 98.69
26147069.668991; -0.10; 0.68; 98.69
26160744.632996; -0.10; 0.69; 98.69
26178904.353996; -0.11; 0.70; 98.69
26192797.885002; -0.11; 0.71; 98.69
26210216.276001; -0.11; 0.73; 98.69
26225301.409996; -0.11; 0.74; 98.69
26240788.937996; -0.11; 0.75; 98.69
26258352.003998; -0.12; 0.76; 98.69
26273113.111000; -0.12; 0.78; 98.69
26289862.173996; -0.12; 0.79; 98.69
26307891.970993; -0.12; 0.80; 98.72
26322535.279999; -0.12; 0.81; 98.75
26338342.445000; -0.13; 0.83; 98.78
26352738.752998; -0.13; 0.84; 98.81
26369847.519997; -0.13; 0.85; 98.85
26385296.756996; -0.13; 0.86; 98.87
26402841.124992; -0.13; 0.88; 99.08
26416702.492996; -0.14; 0.89; 99.31
26432727.221992; -0.14; 0.90; 99.60
26450174.852997; -0.14; 0.91; 99.92
26464809.458992; -0.14; 0.92; 100.17
26481218.440002; -0.14; 0.94; 100.46
26501457.276993; -0.15; 0.95; 100.85
26512867.578995; -0.15; 0.96; 101.12
26530005.216995; -0.15; 0.97; 101.53
26544745.401001; -0.15; 0.98; 101.85
26560846.356995; -0.16; 0.99; 102.24
26577710.861000; -0.16; 1.00; 102.64
26593822.129997; -0.16; 1.01; 103.02
26609210.668999; -0.16; 1.02; 103.35
26624723.119995; -0.16; 1.03; 103.67
26642405.570992; -0.17; 1.04; 104.07
26657598.343994; -0.17; 1.05; 104.39
26676230.902000; -0.17; 1.06; 104.76
26690374.209999; -0.18; 1.07; 105.09
26707690.657997; -0.18; 1.08; 105.45
26720924.863998; -0.18; 1.09; 105.77
26736850.818001; -0.18; 1.10; 106.12
26754320.481995; -0.19; 1.11; 106.51
26768725.194000; -0.19; 1.12; 106.81
26785458.631996; -0.19; 1.13; 107.20
26800764.583000; -0.19; 1.13; 107.49
26817510.263000; -0.20; 1.14; 107.81
26832701.125999; -0.20; 1.15; 108.08
26848981.198997; -0.20; 1.16; 108.39
26866474.334991; -0.20; 1.17; 108.70
26881458.856995; -0.21; 1.17; 108.97
26902008.316002; -0.21; 1.18; 109.35
26915210.981995; -0.21; 1.19; 109.59
26928803.613998; -0.21; 1.20; 109.83
26945334.858002; -0.22; 1.20; 110.14
26962731.736992; -0.22; 1.21; 110.46
26976736.806000; -0.22; 1.22; 110.70
26994080.008003; -0.23; 1.23; 111.03
27011233.812996; -0.23; 1.23; 111.29
27025167.374992; -0.23; 1.24; 111.49
27043253.825996; -0.23; 1.25; 111.75
27057759.525002; -0.24; 1.25; 111.96
27073886.733994; -0.24; 1.26; 112.19
27088719.431000; -0.24; 1.26; 112.38
27104725.924995; -0.24; 1.27; 112.55
27120952.591995; -0.25; 1.28; 112.72
27137488.633995; -0.25; 1.28; 112.89
27155066.904999; -0.25; 1.29; 113.06
27168874.388000; -0.25; 1.29; 113.20
27185758.293999; -0.26; 1.30; 113.37
27200824.099998; -0.26; 1.31; 113.51
27217388.245995; -0.26; 1.31; 113.67
27232710.001999; -0.26; 1.32; 113.81
27250433.531998; -0.26; 1.32; 113.99
27264740.850998; -0.27; 1.33; 114.12
27281009.529991; -0.27; 1.33; 114.28
27300952.022995; -0.27; 1.34; 114.46
27313877.392998; -0.27; 1.34; 114.56
27330974.888992; -0.28; 1.35; 114.70
27344758.403000; -0.28; 1.35; 114.80
27361039.225990; -0.28; 1.36; 114.93
27378042.594994; -0.28; 1.36; 115.07
27394151.350998; -0.28; 1.37; 115.20
27409856.169991; -0.29; 1.37; 115.26
27426681.250000; -0.29; 1.37; 115.31
27441055.926994; -0.29; 1.38; 115.35
27456724.533997; -0.29; 1.38; 115.39
27472991.291992; -0.30; 1.39; 115.44
27488725.509003; -0.30; 1.39; 115.48
27506488.315994; -0.30; 1.40; 115.52
27520767.233002; -0.30; 1.40; 115.54
27539162.301003; -0.30; 1.40; 115.57
27552806.385002; -0.30; 1.41; 115.59
27569017.016998; -0.31; 1.41; 115.62
27584774.809998; -0.31; 1.41; 115.64
27601740.404999; -0.31; 1.42; 115.65
27618375.180992; -0.31; 1.42; 115.65
27632791.491997; -0.31; 1.43; 115.64
27650241.187996; -0.32; 1.43; 115.63
27665860.142998; -0.32; 1.43; 115.63
27682020.786995; -0.32; 1.44; 115.62
27697712.250999; -0.32; 1.44; 115.61
27715524.429993; -0.32; 1.44; 115.57
27730973.314995; -0.32; 1.45; 115.54
27745493.026001; -0.33; 1.45; 115.51
27760806.382996; -0.33; 1.45; 115.49
27776820.503998; -0.33; 1.46; 115.45
27792749.849998; -0.33; 1.46; 115.42
27808738.633995; -0.33; 1.46; 115.35
27825196.405998; -0.33; 1.47; 115.23
27840732.262993; -0.33; 1.47; 115.14
27856734.037994; -0.34; 1.47; 115.03
27873673.086998; -0.34; 1.48; 114.91
27888754.391998; -0.34; 1.48; 114.81
27905894.469994; -0.34; 1.48; 114.70
27920721.994995; -0.34; 1.48; 114.61
27936723.207001; -0.34; 1.49; 114.52
27953770.003998; -0.34; 1.49; 114.41
27968784.763992; -0.34; 1.49; 114.33
27986260.086998; -0.35; 1.50; 114.22
28000800.283997; -0.35; 1.50; 114.13
28016724.704994; -0.35; 1.50; 114.01
28034327.091995; -0.35; 1.50; 113.87
28049804.784996; -0.35; 1.51; 113.75
28066312.773003; -0.35; 1.51; 113.63
28081045.710999; -0.35; 1.51; 113.52
28097159.824997; -0.35; 1.51; 113.40
28114494.683998; -0.36; 1.52; 113.22
28128820.123993; -0.36; 1.52; 113.09
28144895.330002; -0.36; 1.52; 112.94
28162948.535995; -0.36; 1.52; 112.77
28179592.554993; -0.36; 1.52; 112.61
28193234.431992; -0.36; 1.53; 112.47
28209697.906998; -0.36; 1.53; 112.33
28225108.068993; -0.36; 1.53; 112.21
28240766.954994; -0.36; 1.53; 112.08
28257943.250000; -0.36; 1.54; 111.93
28272724.334991; -0.36; 1.54; 111.82
28288747.042999; -0.36; 1.54; 111.68
28305739.002991; -0.37; 1.54; 111.50
28322167.045998; -0.37; 1.54; 111.32
28336749.944000; -0.37; 1.55; 111.18
28352716.789001; -0.37; 1.55; 111.01
28370393.082993; -0.37; 1.55; 110.81
28387302.250992; -0.37; 1.55; 110.64
28400747.754997; -0.37; 1.55; 110.50
28416798.661995; -0.37; 1.55; 110.36
28432781.860001; -0.37; 1.56; 110.23
28450352.066002; -0.37; 1.56; 110.07
28464881.966995; -0.37; 1.56; 109.94
28481404.379997; -0.37; 1.56; 109.81
28502793.813995; -0.37; 1.56; 109.59
28513348.629997; -0.37; 1.57; 109.47
28528788.607002; -0.38; 1.57; 109.31
28546825.683998; -0.38; 1.57; 109.10
28561681.426003; -0.38; 1.57; 108.93
28576877.575996; -0.38; 1.57; 108.77
28592775.077995; -0.38; 1.57; 108.61
28610646.465996; -0.38; 1.57; 108.40
28624849.420990; -0.38; 1.58; 108.25
28640769.818993; -0.38; 1.58; 108.10
28657933.543999; -0.38; 1.58; 107.91
28672770.305992; -0.38; 1.58; 107.77
28688792.700996; -0.38; 1.58; 107.59
28704881.085999; -0.38; 1.58; 107.40
28723246.598000; -0.38; 1.59; 107.18
28737421.112000; -0.38; 1.59; 106.99
28752725.620995; -0.38; 1.59; 106.81
28770498.909996; -0.38; 1.59; 106.57
28784757.183998; -0.38; 1.59; 106.40
28802263.421997; -0.38; 1.59; 106.18
28818686.698997; -0.38; 1.59; 105.99
28833130.019997; -0.38; 1.59; 105.83
28849062.895996; -0.38; 1.59; 105.67
28864821.812996; -0.38; 1.60; 105.47
28881127.891998; -0.38; 1.60; 105.29
28899001.159996; -0.39; 1.60; 105.09
28914513.315994; -0.39; 1.60; 104.91
28928736.500000; -0.39; 1.60; 104.75
28944776.289993; -0.39; 1.60; 104.57
28962085.862000; -0.39; 1.60; 104.37
28976766.194000; -0.39; 1.60; 104.21
28992746.753998; -0.39; 1.61; 104.04
29008910.991997; -0.39; 1.61; 103.89
29024695.987000; -0.39; 1.61; 103.71
29043067.134995; -0.39; 1.61; 103.51
29057962.900002; -0.39; 1.61; 103.36
29072761.102997; -0.39; 1.61; 103.21
29088870.904999; -0.39; 1.61; 103.05
29105634.082993; -0.39; 1.61; 102.88
29123233.164993; -0.39; 1.61; 102.73
29136897.642998; -0.39; 1.61; 102.60
29154590.583000; -0.39; 1.62; 102.43
29168865.213997; -0.39; 1.62; 102.31
29187239.946991; -0.39; 1.62; 102.14
29200957.002998; -0.39; 1.62; 102.01
29219056.358002; -0.39; 1.62; 101.85
29232820.350998; -0.39; 1.62; 101.74
29249659.826996; -0.39; 1.62; 101.59
29265079.945992; -0.39; 1.62; 101.46
29283604.574989; -0.39; 1.62; 101.29
29301530.245003; -0.39; 1.62; 101.12
29312769.443001; -0.39; 1.63; 101.01
29330188.657997; -0.39; 1.63; 100.80
29344742.187996; -0.39; 1.63; 100.65
29360727.907997; -0.39; 1.63; 100.47
29376938.557991; -0.39; 1.63; 100.28
29392709.636993; -0.39; 1.63; 100.12
29410146.376999; -0.39; 1.63; 99.92
29428758.187996; -0.39; 1.63; 99.74
29441465.252998; -0.39; 1.63; 99.58
29456814.493996; -0.39; 1.63; 99.43
29474640.850998; -0.39; 1.63; 99.24
29488910.241997; -0.39; 1.63; 99.08
29504740.696999; -0.39; 1.63; 98.91
29520807.513992; -0.39; 1.63; 98.77
29536789.156998; -0.39; 1.64; 98.60
29553126.448997; -0.39; 1.64; 98.43
29569873.729996; -0.39; 1.64; 98.27
29584728.771996; -0.39; 1.64; 98.13
29601489.832993; -0.39; 1.64; 97.96
29617467.325996; -0.39; 1.64; 97.81
29633873.298996; -0.39; 1.64; 97.65
29649702.921997; -0.39; 1.64; 97.50
29666240.753998; -0.39; 1.64; 97.34
29683276.054993; -0.39; 1.64; 97.18
29697283.860992; -0.39; 1.64; 97.06
29712762.402000; -0.39; 1.64; 96.93
29729093.074997; -0.39; 1.64; 96.79
29744744.084991; -0.39; 1.64; 96.67
29760725.816994; -0.39; 1.64; 96.53
29777897.062996; -0.39; 1.64; 96.38
29792847.922997; -0.39; 1.64; 96.27
29810572.012993; -0.39; 1.65; 96.11
29825117.080002; -0.39; 1.65; 96.00
29841872.095993; -0.39; 1.65; 95.86
29858956.040993; -0.39; 1.65; 95.73
29872924.605995; -0.39; 1.65; 95.62
29889666.373993; -0.39; 1.65; 95.48
29906896.932999; -0.39; 1.65; 95.35
29920749.639999; -0.39; 1.65; 95.24
29939037.074997; -0.39; 1.65; 95.10
29954553.061996; -0.39; 1.65; 94.97
29968748.693001; -0.39; 1.65; 94.86
29986160.679001; -0.40; 1.65; 94.72
30000724.320999; -0.40; 1.65; 94.62
30016767.898003; -0.40; 1.65; 94.51
30032875.690994; -0.40; 1.65; 94.40
30050127.411995; -0.40; 1.65; 94.28
30068079.934990; -0.40; 1.65; 94.16
30082142.773994; -0.40; 1.65; 94.07
30096686.719002; -0.40; 1.65; 93.97
30117034.446991; -0.40; 1.65; 93.83
30130377.085999; -0.40; 1.65; 93.74
30146224.672997; -0.40; 1.65; 93.63
30162760.690994; -0.40; 1.65; 93.52
30177063.748993; -0.40; 1.66; 93.43
30199318.973000; -0.40; 1.66; 93.28
30211999.131996; -0.40; 1.66; 93.19
30227182.405991; -0.40; 1.66; 93.10
30240958.779999; -0.40; 1.66; 93.01
30256701.270996; -0.40; 1.66; 92.91
30275085.460999; -0.40; 1.66; 92.79
30289730.904991; -0.40; 1.66; 92.70
30305482.068993; -0.40; 1.66; 92.61
30320777.653999; -0.40; 1.66; 92.51
30338281.103996; -0.40; 1.66; 92.41
30352867.640999; -0.40; 1.66; 92.32
30368948.063995; -0.40; 1.66; 92.23
30386593.407997; -0.40; 1.66; 92.12
30400837.707993; -0.40; 1.66; 92.04
30416984.831993; -0.40; 1.66; 91.94
30434269.988998; -0.40; 1.66; 91.84
30451074.316994; -0.40; 1.66; 91.74
30465003.561996; -0.40; 1.66; 91.66
30483105.464996; -0.40; 1.66; 91.55
30496696.693001; -0.40; 1.66; 91.48
30514310.916000; -0.40; 1.66; 91.38
30528761.941994; -0.40; 1.66; 91.31
30545787.167999; -0.40; 1.66; 91.22
30560745.963997; -0.40; 1.66; 91.14
30576905.582993; -0.40; 1.66; 91.06
30594351.747002; -0.40; 1.66; 90.97
30611320.642998; -0.40; 1.66; 90.89
30624827.759995; -0.40; 1.66; 90.82
30641950.744003; -0.40; 1.66; 90.74
30656710.741997; -0.40; 1.66; 90.67
30674882.194000; -0.40; 1.66; 90.58
30688710.162994; -0.40; 1.66; 90.52
30704858.179001; -0.40; 1.66; 90.44
30722422.042999; -0.40; 1.67; 90.35
30736771.165001; -0.40; 1.67; 90.29
30754236.201996; -0.40; 1.67; 90.20
30768749.231995; -0.40; 1.67; 90.13
30785932.536995; -0.40; 1.67; 90.05
30802673.845001; -0.40; 1.67; 89.97
30816936.193993; -0.40; 1.67; 89.91
30833344.715996; -0.40; 1.67; 89.83
30849230.403000; -0.40; 1.67; 89.75
30865896.288994; -0.40; 1.67; 89.67
30882079.459999; -0.40; 1.67; 89.60
30896729.763000; -0.40; 1.67; 89.53
30912760.182999; -0.40; 1.67; 89.46
30928747.543999; -0.40; 1.67; 89.39
30946389.299995; -0.40; 1.67; 89.31
30961207.476997; -0.40; 1.67; 89.25
30976795.182999; -0.40; 1.67; 89.18
30992870.814995; -0.40; 1.67; 89.11
31008773.084999; -0.40; 1.67; 89.04
31024735.314003; -0.40; 1.67; 88.97
31043051.192001; -0.40; 1.67; 88.89
31059055.889999; -0.40; 1.67; 88.82
31073493.229996; -0.40; 1.67; 88.76
31088743.914993; -0.40; 1.67; 88.69
31106644.417999; -0.40; 1.67; 88.63
31122299.245995; -0.40; 1.67; 88.58
31138131.645996; -0.40; 1.67; 88.53
31152939.679993; -0.40; 1.67; 88.48
31168837.118996; -0.40; 1.67; 88.44
31184760.056000; -0.40; 1.67; 88.38
31201506.596001; -0.40; 1.67; 88.33
31216750.859993; -0.40; 1.67; 88.28
31233047.452995; -0.40; 1.67; 88.23
31249939.937996; -0.40; 1.67; 88.17
31266283.660995; -0.40; 1.67; 88.12
31281192.094994; -0.40; 1.67; 88.08
31302348.881996; -0.40; 1.67; 88.01
31313246.556992; -0.40; 1.67; 87.97
31330344.087997; -0.40; 1.67; 87.92
31345655.751999; -0.40; 1.67; 87.87
31360995.138000; -0.40; 1.67; 87.82
31377686.195999; -0.40; 1.67; 87.77
31394179.616997; -0.40; 1.67; 87.72
31410719.585999; -0.40; 1.67; 87.67
31424765.860001; -0.40; 1.67; 87.62
31442433.368996; -0.40; 1.67; 87.56
31456859.711990; -0.40; 1.67; 87.52
31473973.587997; -0.40; 1.67; 87.46
31488729.400002; -0.40; 1.67; 87.42
31505288.751999; -0.40; 1.67; 87.37
31520772.493996; -0.40; 1.67; 87.32
31536798.374992; -0.40; 1.67; 87.27
31553235.500999; -0.40; 1.67; 87.21
31570263.642998; -0.40; 1.67; 87.16
31584895.659996; -0.40; 1.67; 87.11
31600907.025993; -0.40; 1.67; 87.06
31618455.509995; -0.40; 1.67; 87.01
31633123.280998; -0.40; 1.67; 86.97
31651441.718002; -0.40; 1.67; 86.91
31669948.473991; -0.40; 1.67; 86.84
31681698.682991; -0.40; 1.67; 86.81
31696668.089996; -0.40; 1.67; 86.76
31712788.334999; -0.40; 1.67; 86.72
31728968.972992; -0.40; 1.67; 86.67
31747070.328995; -0.40; 1.67; 86.62
31760775.721001; -0.40; 1.67; 86.59
31777544.215996; -0.40; 1.67; 86.54
31792693.860001; -0.40; 1.67; 86.49
31808858.382996; -0.40; 1.67; 86.45
31824723.085999; -0.40; 1.67; 86.41
31841336.597000; -0.40; 1.67; 86.36
31856750.784996; -0.40; 1.67; 86.32
31872831.440002; -0.40; 1.67; 86.27
31888734.031998; -0.40; 1.67; 86.23
31905657.545998; -0.40; 1.67; 86.18
31921343.488998; -0.40; 1.67; 86.14
31938410.625000; -0.40; 1.67; 86.09
31954010.760994; -0.40; 1.67; 86.05
31968818.260002; -0.40; 1.67; 86.01
31987699.138000; -0.40; 1.67; 85.96
32001115.084000; -0.40; 1.67; 85.92
32017929.106995; -0.40; 1.68; 85.88
32034974.267998; -0.40; 1.68; 85.84
32050347.746002; -0.40; 1.68; 85.80
32064923.446999; -0.40; 1.68; 85.77
32080779.675995; -0.40; 1.68; 85.73
32096668.753998; -0.40; 1.68; 85.69
32112920.578995; -0.40; 1.68; 85.67
32130368.831001; -0.40; 1.68; 85.61
32146057.223000; -0.40; 1.68; 85.57
32162613.889000; -0.40; 1.68; 85.54
32176753.172997; -0.40; 1.68; 85.50
32194242.926994; -0.40; 1.68; 85.46
32210626.695999; -0.40; 1.68; 85.42
32226358.715996; -0.40; 1.68; 85.38
32241934.604996; -0.40; 1.68; 85.35
32257569.007996; -0.40; 1.68; 85.31
32275053.539993; -0.40; 1.68; 85.27
32288765.615997; -0.40; 1.68; 85.23
32306451.769997; -0.40; 1.68; 85.19
32320745.211998; -0.40; 1.68; 85.16
32339580.608994; -0.40; 1.68; 85.12
32355180.658997; -0.40; 1.68; 85.08
32369893.250000; -0.40; 1.68; 85.04
32385121.450996; -0.40; 1.68; 85.01
32402633.448997; -0.40; 1.68; 84.96
32417492.649994; -0.40; 1.68; 84.93
32433959.334000; -0.40; 1.68; 84.89
32449177.209991; -0.40; 1.68; 84.85
32465789.019997; -0.40; 1.68; 84.81
32481669.503998; -0.40; 1.68; 84.78
32499130.033997; -0.40; 1.68; 84.74
32513984.715996; -0.40; 1.68; 84.71
32529309.933998; -0.40; 1.68; 84.68
32545252.964996; -0.40; 1.68; 84.65
32560695.973999; -0.40; 1.68; 84.62
32579115.172997; -0.40; 1.68; 84.58
32594159.237999; -0.40; 1.68; 84.55
32609053.814995; -0.40; 1.68; 84.52
32624706.058998; -0.40; 1.68; 84.49
32642249.269997; -0.40; 1.68; 84.45
32657047.118996; -0.40; 1.68; 84.42
32674909.769997; -0.40; 1.68; 84.39
32691522.230995; -0.40; 1.68; 84.36
32705194.488998; -0.40; 1.68; 84.33
32721824.606003; -0.40; 1.68; 84.29
32736858.259995; -0.40; 1.68; 84.27
32753237.771996; -0.40; 1.68; 84.23
32770084.835999; -0.40; 1.68; 84.20
32786476.973000; -0.40; 1.68; 84.17
32801137.516998; -0.40; 1.68; 84.14
32818275.973991; -0.40; 1.68; 84.10
32834546.374992; -0.40; 1.68; 84.07
32848709.641998; -0.40; 1.68; 84.05
32864796.272995; -0.40; 1.68; 84.01
32880797.754997; -0.40; 1.68; 83.98
32899767.170998; -0.39; 1.68; 83.94
32914315.372002; -0.39; 1.68; 83.91
32929230.311996; -0.39; 1.68; 83.89
32946103.308998; -0.39; 1.68; 83.85
32962810.534996; -0.39; 1.68; 83.82
32977340.600998; -0.39; 1.68; 83.79
32992884.851997; -0.39; 1.68; 83.76
33008795.964996; -0.39; 1.68; 83.73
33027043.748993; -0.39; 1.68; 83.69
33041122.481995; -0.39; 1.68; 83.66
33058386.099998; -0.39; 1.68; 83.63
33072816.308998; -0.39; 1.68; 83.60
33090088.294991; -0.39; 1.68; 83.57
33106353.448997; -0.39; 1.68; 83.54
33121550.743996; -0.39; 1.68; 83.53
33139404.687996; -0.39; 1.68; 83.50
33152777.545998; -0.39; 1.68; 83.49
33170050.034996; -0.39; 1.68; 83.47
33185169.864998; -0.39; 1.68; 83.45
33207847.954002; -0.39; 1.68; 83.42
33218990.137001; -0.39; 1.68; 83.41
33232788.116997; -0.39; 1.68; 83.39
33248734.932999; -0.39; 1.68; 83.38
33264740.363998; -0.39; 1.68; 83.36
33280993.319000; -0.39; 1.68; 83.34
33296685.322998; -0.39; 1.68; 83.31
33315717.858002; -0.39; 1.68; 83.28
33329580.487999; -0.39; 1.68; 83.25
33348148.300995; -0.39; 1.68; 83.21
33371189.365997; -0.39; 1.68; 83.17
33378398.317993; -0.39; 1.68; 83.15
33392802.204994; -0.39; 1.68; 83.12
33409195.557999; -0.39; 1.68; 83.10
33424735.112999; -0.39; 1.68; 83.08
33440738.638992; -0.39; 1.68; 83.06
33459420.845001; -0.39; 1.68; 83.04
33474067.937996; -0.39; 1.68; 83.02
33488784.941002; -0.39; 1.68; 83.01
33506409.800003; -0.39; 1.68; 82.98
33520690.435997; -0.39; 1.68; 82.95
33536804.448997; -0.39; 1.68; 82.92
33552709.003998; -0.39; 1.68; 82.88
33570970.287994; -0.39; 1.68; 82.85
33585714.189995; -0.39; 1.68; 82.82
33603331.128990; -0.39; 1.68; 82.79
33618580.580994; -0.39; 1.68; 82.78
33632791.106003; -0.39; 1.68; 82.77
33649764.292000; -0.39; 1.68; 82.76
33666291.051994; -0.39; 1.68; 82.74
33681964.759995; -0.39; 1.68; 82.73
33696704.920998; -0.39; 1.68; 82.72
33712942.134003; -0.39; 1.68; 82.69
33730775.315994; -0.39; 1.68; 82.66
33747405.505997; -0.39; 1.68; 82.64
33762052.189995; -0.39; 1.68; 82.61
33776886.609993; -0.39; 1.68; 82.59
33794514.393997; -0.39; 1.68; 82.56
33809909.387993; -0.39; 1.68; 82.55
33824853.456993; -0.39; 1.68; 82.54
33840702.517998; -0.39; 1.68; 82.52
33858113.614998; -0.39; 1.68; 82.51
33873842.523994; -0.39; 1.68; 82.50
33890636.242996; -0.39; 1.68; 82.48
33907994.001991; -0.39; 1.68; 82.47
33921434.810997; -0.39; 1.68; 82.46
33936714.035995; -0.39; 1.68; 82.45
33952897.386993; -0.39; 1.68; 82.43
33970684.653999; -0.39; 1.68; 82.42
33985119.196991; -0.39; 1.68; 82.41
34001521.919998; -0.39; 1.68; 82.39
34016807.985992; -0.39; 1.68; 82.37
34032879.280998; -0.39; 1.68; 82.34
34050454.117996; -0.39; 1.68; 82.31
34066462.286995; -0.39; 1.68; 82.29
34081413.903992; -0.39; 1.68; 82.26
34099515.147995; -0.39; 1.68; 82.24
34113083.277992; -0.39; 1.68; 82.23
34128721.325996; -0.39; 1.68; 82.22
34146073.491997; -0.39; 1.68; 82.20
34160776.594994; -0.39; 1.68; 82.19
34177505.797997; -0.39; 1.68; 82.18
34194035.643997; -0.39; 1.68; 82.16
34210960.136993; -0.39; 1.68; 82.14
34225006.056999; -0.39; 1.68; 82.12
34242158.652000; -0.39; 1.68; 82.09
34256711.174995; -0.39; 1.68; 82.07
34272723.294998; -0.39; 1.68; 82.04
34290711.621994; -0.39; 1.68; 82.01
34308296.020996; -0.39; 1.68; 82.00
34321805.084000; -0.39; 1.68; 81.98
34337074.936996; -0.39; 1.68; 81.97
34354268.511993; -0.39; 1.68; 81.96
34370863.750999; -0.39; 1.68; 81.95
34385329.774002; -0.39; 1.68; 81.94
34400717.506996; -0.39; 1.68; 81.92
34416946.383995; -0.39; 1.68; 81.90
34432794.005997; -0.39; 1.68; 81.88
34451063.663002; -0.39; 1.68; 81.86
34466147.319000; -0.39; 1.68; 81.84
34483283.299995; -0.39; 1.68; 81.82
34497561.915001; -0.39; 1.68; 81.81
34514277.437996; -0.39; 1.68; 81.80
34530473.567001; -0.39; 1.68; 81.80
34544844.144997; -0.39; 1.68; 81.79
34580463.150002; -0.39; 1.68; 81.78
34589639.301994; -0.39; 1.68; 81.77
34595748.438995; -0.39; 1.68; 81.77
34610543.994003; -0.39; 1.68; 81.75
34624750.506996; -0.39; 1.68; 81.74
34641441.415993; -0.39; 1.68; 81.72
34658450.799995; -0.39; 1.68; 81.70
34672866.137001; -0.39; 1.68; 81.68
34689108.670998; -0.39; 1.68; 81.66
34706159.621994; -0.39; 1.68; 81.65
34722831.808998; -0.39; 1.68; 81.64
34737009.763992; -0.39; 1.68; 81.64
34752931.623001; -0.39; 1.68; 81.63
34769345.497002; -0.39; 1.68; 81.62
34787000.084991; -0.39; 1.68; 81.62
34800689.678993; -0.39; 1.68; 81.61
34817522.377998; -0.39; 1.68; 81.59
34832824.403992; -0.39; 1.68; 81.57
34848725.188995; -0.39; 1.68; 81.55
34866530.155998; -0.39; 1.68; 81.53
34880758.706001; -0.39; 1.68; 81.51
34896683.653999; -0.39; 1.68; 81.30
34914130.682999; -0.39; 1.68; 79.84
34929411.425995; -0.39; 1.68; 78.59
34946364.764000; -0.39; 1.68; 77.23
34961215.737999; -0.39; 1.68; 76.08
34976745.243996; -0.39; 1.68; 74.86
34993066.173996; -0.39; 1.68; 73.47
35010615.178993; -0.39; 1.68; 72.15
35024746.448997; -0.39; 1.68; 71.17
35040811.554001; -0.39; 1.68; 70.03
35057157.676994; -0.39; 1.68; 68.76
35074439.104996; -0.39; 1.68; 67.52
35088851.971992; -0.39; 1.68; 66.47
35104737.058998; -0.40; 1.68; 65.45
35120905.138000; -0.40; 1.68; 64.33
35137968.896996; -0.40; 1.68; 63.17
35152848.091995; -0.40; 1.68; 62.23
35169942.139000; -0.40; 1.68; 61.06
35187070.221992; -0.40; 1.68; 59.92
35202721.914993; -0.40; 1.68; 58.98
35216767.025002; -0.40; 1.68; 58.15
35232741.381996; -0.40; 1.68; 57.24
35250740.867996; -0.40; 1.68; 56.13
35265197.431999; -0.40; 1.68; 55.30
35281885.566994; -0.40; 1.68; 54.31
35298272.711998; -0.40; 1.68; 53.40
35312920.210999; -0.39; 1.68; 52.58
35328723.444000; -0.39; 1.68; 51.74
35346210.841995; -0.39; 1.68; 50.78
35360829.341995; -0.39; 1.68; 50.05
35377359.972000; -0.39; 1.68; 49.10
35395113.197998; -0.39; 1.68; 48.17
35408759.790001; -0.39; 1.68; 47.50
35425087.667992; -0.39; 1.68; 46.68
35442134.681000; -0.40; 1.68; 45.87
35456902.845993; -0.40; 1.68; 45.19
35473682.852997; -0.40; 1.68; 44.36
35488851.451996; -0.40; 1.68; 43.65
35506845.842995; -0.40; 1.68; 42.84
35521042.554001; -0.40; 1.68; 42.26
35537222.198997; -0.40; 1.68; 41.55
35554415.973991; -0.40; 1.68; 40.80
35569249.225998; -0.40; 1.68; 40.23
35586373.888000; -0.40; 1.68; 39.45
35602299.841995; -0.40; 1.68; 38.80
35616849.385994; -0.40; 1.68; 38.23
35633816.457993; -0.40; 1.68; 37.57
35648875.415993; -0.40; 1.68; 36.98
35665321.942993; -0.40; 1.68; 36.34
35682793.980995; -0.40; 1.68; 35.67
35697592.127998; -0.40; 1.68; 35.13
35713380.402992; -0.40; 1.68; 34.55
35728760.848999; -0.40; 1.68; 34.06
35744733.993996; -0.40; 1.68; 33.52
35760738.122002; -0.40; 1.68; 32.94
35776719.425995; -0.40; 1.68; 32.39
35794793.200996; -0.40; 1.68; 31.74
35809619.018997; -0.40; 1.68; 31.24
35824919.487999; -0.40; 1.68; 30.77
35844397.611000; -0.40; 1.68; 30.22
35856734.819992; -0.40; 1.68; 29.82
35874961.698997; -0.40; 1.68; 29.25
35889204.534996; -0.40; 1.68; 28.78
35905342.856003; -0.40; 1.68; 28.33
35921072.491997; -0.40; 1.68; 27.91
35938812.675995; -0.40; 1.68; 27.40
35953142.808998; -0.40; 1.68; 27.01
35969230.400993; -0.40; 1.68; 26.55
35986961.822998; -0.40; 1.68; 26.07
36000773.014992; -0.40; 1.68; 25.70
36017486.643997; -0.40; 1.68; 25.26
36032830.940994; -0.40; 1.68; 24.87
36048803.469994; -0.40; 1.68; 24.48
36066071.394997; -0.40; 1.68; 24.02
36081391.317001; -0.40; 1.68; 23.62
36098960.546997; -0.40; 1.68; 23.20
36112717.515999; -0.40; 1.68; 22.88
36130142.544998; -0.40; 1.68; 22.46
36146730.057999; -0.40; 1.68; 22.08
36160799.852997; -0.40; 1.68; 21.76
36177907.899994; -0.40; 1.68; 21.36
36192804.952995; -0.40; 1.68; 21.03
36210567.431999; -0.40; 1.68; 20.65
36224723.221001; -0.40; 1.68; 20.37
36242922.289993; -0.40; 1.68; 19.98
36257625.202995; -0.40; 1.68; 19.70
36273198.420998; -0.40; 1.68; 19.35
36289144.345001; -0.40; 1.68; 19.02
36304791.184990; -0.40; 1.68; 18.75
36322404.410995; -0.40; 1.68; 18.40
36338449.598000; -0.40; 1.68; 18.10
36354756.891998; -0.40; 1.68; 17.80
36370855.170998; -0.40; 1.68; 17.50
36384748.225998; -0.40; 1.68; 17.24
36402730.067993; -0.40; 1.68; 16.92
36416709.534996; -0.40; 1.68; 16.70
36434595.445999; -0.40; 1.68; 16.39
36449137.035995; -0.40; 1.68; 16.15
36466540.535995; -0.40; 1.68; 15.86
36480735.120995; -0.40; 1.68; 15.63
36498231.847000; -0.40; 1.68; 15.36
36513348.301994; -0.40; 1.68; 15.12
36529065.958992; -0.40; 1.68; 14.89
36545290.075996; -0.40; 1.68; 14.67
36563158.058998; -0.40; 1.68; 14.39
36577875.750999; -0.40; 1.68; 14.17
36592717.331993; -0.40; 1.68; 13.96
36610166.471001; -0.40; 1.68; 13.73
36624873.071999; -0.40; 1.68; 13.54
36640761.753998; -0.40; 1.68; 13.34
36656732.602997; -0.40; 1.68; 13.15
36673120.385994; -0.40; 1.68; 12.93
36689605.930000; -0.40; 1.68; 12.73
36705038.534996; -0.40; 1.68; 12.55
36722201.397995; -0.40; 1.68; 12.33
36737289.243996; -0.40; 1.68; 12.17
36755402.821999; -0.40; 1.68; 11.93
36769106.644997; -0.40; 1.68; 11.77
36785676.377998; -0.40; 1.68; 11.58
36802910.148994; -0.40; 1.68; 11.39
36816729.355995; -0.40; 1.68; 11.24
36834573.937996; -0.40; 1.68; 11.04
36848853.242996; -0.40; 1.68; 10.90
36864756.548996; -0.40; 1.68; 10.72
36881072.087997; -0.40; 1.68; 10.55
36899758.987991; -0.40; 1.68; 10.35
36912754.722992; -0.40; 1.68; 10.23
36930697.282997; -0.40; 1.68; 10.05
36944703.021996; -0.40; 1.68; 9.91
36962567.726997; -0.40; 1.68; 9.73
36976740.184998; -0.40; 1.68; 9.59
36994175.902000; -0.40; 1.68; 9.42
37008885.906998; -0.40; 1.68; 9.29
37026334.548996; -0.40; 1.68; 9.13
37042227.639999; -0.40; 1.68; 8.99
37057099.524994; -0.40; 1.68; 8.87
37073247.271004; -0.40; 1.68; 8.72
37090883.382996; -0.40; 1.68; 8.57
37105141.607994; -0.40; 1.68; 8.46
37122722.350998; -0.40; 1.68; 8.32
37138731.868996; -0.40; 1.68; 8.20
37154869.779991; -0.40; 1.68; 8.06
37171041.286995; -0.40; 1.68; 7.94
37185083.719994; -0.40; 1.68; 7.82
37201315.087990; -0.40; 1.68; 7.70
37216931.509003; -0.40; 1.68; 7.59
37232798.600998; -0.40; 1.68; 7.49
37251284.204994; -0.40; 1.68; 7.36
37265031.539993; -0.40; 1.68; 7.28
37281065.667000; -0.40; 1.68; 7.17
37299197.083000; -0.40; 1.68; 7.05
37315497.706993; -0.40; 1.68; 6.93
37331356.434998; -0.40; 1.68; 6.83
37345088.791000; -0.40; 1.68; 6.74
37361365.422997; -0.40; 1.68; 6.62
37377866.566002; -0.40; 1.68; 6.51
37393034.361000; -0.40; 1.68; 6.41
37409044.276993; -0.40; 1.68; 6.31
37425102.958992; -0.40; 1.68; 6.21
37442050.045998; -0.40; 1.68; 6.11
37457082.898003; -0.40; 1.68; 6.03
37472934.046997; -0.40; 1.68; 5.93
37488972.729996; -0.40; 1.68; 5.84
37507569.352997; -0.40; 1.68; 5.75
37522464.213997; -0.40; 1.68; 5.67
37537935.243996; -0.40; 1.68; 5.60
37553878.352997; -0.40; 1.68; 5.52
37570904.775993; -0.40; 1.68; 5.44
37587817.515999; -0.40; 1.68; 5.36
37602117.566002; -0.40; 1.68; 5.32
37616914.639999; -0.38; 1.68; 5.32
37632712.489998; -0.37; 1.68; 5.32
37648982.995003; -0.36; 1.68; 5.32
37665038.349991; -0.35; 1.68; 5.32
37684068.926994; -0.33; 1.68; 5.32
37698312.649994; -0.32; 1.69; 5.32
37715407.903999; -0.31; 1.69; 5.32
37731109.103996; -0.29; 1.69; 5.32
37745091.682999; -0.28; 1.69; 5.32
37762593.274994; -0.27; 1.69; 5.32
37777448.522995; -0.26; 1.69; 5.32
37793023.456993; -0.24; 1.69; 5.32
37810499.172997; -0.23; 1.69; 5.32
37825369.499001; -0.22; 1.69; 5.32
37842678.568993; -0.20; 1.70; 5.32
37857652.788002; -0.19; 1.70; 5.32
37873026.092995; -0.18; 1.70; 5.32
37891503.995003; -0.17; 1.70; 5.32
37904932.085999; -0.16; 1.70; 5.32
37923890.348000; -0.14; 1.70; 5.32
37938781.139992; -0.13; 1.70; 5.32
37952777.619003; -0.12; 1.70; 5.32
37970301.125999; -0.10; 1.71; 5.32
37984794.719002; -0.09; 1.71; 5.32
38000754.999992; -0.08; 1.71; 5.32
38016739.526001; -0.07; 1.71; 5.32
38032716.247993; -0.05; 1.71; 5.32
38050349.466995; -0.04; 1.71; 5.32
38064768.414993; -0.03; 1.71; 5.32
38081023.588997; -0.01; 1.71; 5.32
38100156.032997; 0.00; 1.72; 5.32
38115361.744995; 0.01; 1.72; 5.32
38130057.858994; 0.03; 1.72; 5.32
38145581.156998; 0.04; 1.72; 5.32
38160777.576996; 0.05; 1.72; 5.32
38177193.795998; 0.06; 1.72; 5.32
38193104.553993; 0.08; 1.72; 5.32
38208741.942993; 0.09; 1.72; 5.32
38225044.033997; 0.10; 1.72; 5.32
38242186.976997; 0.11; 1.73; 5.32
38256879.796997; 0.13; 1.73; 5.32
38272803.264000; 0.14; 1.73; 5.32
38289056.857002; 0.15; 1.73; 5.32
38305891.997002; 0.17; 1.73; 5.32
38322465.442993; 0.18; 1.73; 5.32
38336710.089996; 0.19; 1.73; 5.32
38352767.489998; 0.20; 1.73; 5.32
38370056.419998; 0.22; 1.74; 5.32
38385493.182999; 0.23; 1.74; 5.32
38400765.360001; 0.24; 1.74; 5.32
38416789.395996; 0.25; 1.74; 5.32
38433899.487991; 0.27; 1.74; 5.32
38448730.199997; 0.28; 1.74; 5.32
38466622.644997; 0.29; 1.74; 5.32
38481900.784996; 0.31; 1.74; 5.32
38499634.608994; 0.32; 1.75; 5.32
38515048.616997; 0.33; 1.75; 5.32
38530746.885002; 0.34; 1.75; 5.32
38546351.368004; 0.36; 1.75; 5.32
38560748.450996; 0.37; 1.75; 5.32
38577342.717995; 0.38; 1.75; 5.32
38596123.623993; 0.40; 1.75; 5.32
38609442.361000; 0.41; 1.75; 5.32
38625186.267998; 0.42; 1.75; 5.32
38640760.327995; 0.43; 1.76; 5.32
38658446.675995; 0.45; 1.76; 5.32
38673947.525002; 0.46; 1.76; 5.32
38689902.333992; 0.47; 1.76; 5.32
38706648.143997; 0.49; 1.76; 5.32
38720925.552994; 0.50; 1.76; 5.32
38738507.497993; 0.51; 1.76; 5.32
38752764.981003; 0.52; 1.76; 5.32
38769283.143997; 0.53; 1.76; 5.32
38785075.229996; 0.55; 1.77; 5.32
38804106.143997; 0.56; 1.77; 5.32
38817761.136993; 0.57; 1.77; 5.32
38833068.800995; 0.59; 1.77; 5.32
38849120.068993; 0.60; 1.77; 5.32
38865836.286003; 0.61; 1.77; 5.32
38882192.280991; 0.63; 1.77; 5.32
38896698.220001; 0.64; 1.77; 5.32
38915842.327995; 0.65; 1.78; 5.32
38929225.028992; 0.66; 1.78; 5.32
38944783.739998; 0.67; 1.78; 5.32
38960810.030998; 0.69; 1.78; 5.32
38978604.281998; 0.70; 1.78; 5.32
38993159.997993; 0.71; 1.78; 5.32
39010798.398994; 0.73; 1.78; 5.32
39025084.891998; 0.74; 1.78; 5.32
39040964.677994; 0.75; 1.79; 5.32
39056793.171997; 0.76; 1.79; 5.32
39073779.704994; 0.78; 1.79; 5.32
39090051.278992; 0.79; 1.79; 5.32
39109903.567993; 0.81; 1.79; 5.32
39127970.647995; 0.81; 1.79; 5.32
39140033.899994; 0.83; 1.79; 5.32
39152847.046997; 0.84; 1.79; 5.32
39172139.695999; 0.86; 1.79; 5.32
39184757.286995; 0.87; 1.80; 5.32
39201354.753998; 0.88; 1.80; 5.32
39216846.216995; 0.89; 1.80; 5.32
39234111.690994; 0.91; 1.80; 5.32
39248705.806999; 0.92; 1.80; 5.32
39265072.730995; 0.93; 1.80; 5.32
39281606.265999; 0.94; 1.80; 5.32
39296814.403999; 0.96; 1.80; 5.32
39312785.451996; 0.97; 1.81; 5.32
39328784.020996; 0.98; 1.81; 5.32
39346249.803001; 1.00; 1.81; 5.32
39360984.123993; 1.01; 1.81; 5.32
39378088.219994; 1.02; 1.81; 5.32
39392778.381996; 1.03; 1.81; 5.32
39409146.469002; 1.05; 1.81; 5.32
39426193.536995; 1.06; 1.81; 5.32
39441627.540001; 1.07; 1.82; 5.32
39456773.011002; 1.08; 1.82; 5.32
39472994.610992; 1.10; 1.82; 5.32
39489218.640999; 1.11; 1.82; 5.32
39504902.713997; 1.12; 1.82; 5.32
39522222.336998; 1.14; 1.82; 5.32
39536861.726997; 1.15; 1.82; 5.32
39554557.357994; 1.16; 1.82; 5.32
39568778.751999; 1.17; 1.82; 5.32
39586789.768997; 1.19; 1.83; 5.32
39601998.581993; 1.20; 1.83; 5.32
39616771.014000; 1.21; 1.83; 5.32
39632812.343994; 1.22; 1.83; 5.32
39648714.013992; 1.24; 1.83; 5.32
39664720.565002; 1.25; 1.83; 5.32
39681037.195992; 1.26; 1.83; 5.32
39697390.617996; 1.27; 1.83; 5.32
39712815.574997; 1.29; 1.84; 5.32
39728722.001999; 1.30; 1.84; 5.32
39746007.821999; 1.31; 1.84; 5.32
39761019.643997; 1.33; 1.84; 5.32
39778265.156990; 1.34; 1.84; 5.32
39793227.868996; 1.35; 1.84; 5.32
39809730.110001; 1.37; 1.84; 5.32
39826459.616997; 1.38; 1.84; 5.32
39842287.189995; 1.39; 1.84; 5.32
39856975.672997; 1.40; 1.85; 5.32
39875309.803001; 1.42; 1.85; 5.32
39890443.028999; 1.43; 1.85; 5.32
39906930.635994; 1.44; 1.85; 5.32
39920760.130997; 1.45; 1.85; 5.32
39936773.083000; 1.47; 1.85; 5.32
39952840.715996; 1.48; 1.85; 5.32
39968842.700996; 1.49; 1.85; 5.32
39984982.255997; 1.50; 1.86; 5.32
40000757.195992; 1.52; 1.86; 5.29
40016991.519997; 1.53; 1.86; 5.22
40032726.294991; 1.54; 1.86; 5.16
40048806.687996; 1.56; 1.86; 5.09
40066508.553993; 1.57; 1.86; 5.02
40080962.186996; 1.58; 1.86; 4.96
40097393.259995; 1.59; 1.86; 4.85
40113446.635994; 1.60; 1.86; 4.63
40128953.253998; 1.62; 1.87; 4.27
40144722.401993; 1.63; 1.87; 3.99
40161986.197998; 1.64; 1.87; 3.66
40176724.783997; 1.65; 1.87; 3.41
40194383.675995; 1.67; 1.87; 3.07
40209005.779991; 1.68; 1.87; 2.63
40224768.639999; 1.69; 1.87; 2.09
40240968.843994; 1.70; 1.87; 1.60
40258428.965996; 1.71; 1.87; 0.94
40273370.517998; 1.72; 1.87; 0.47
40290669.409996; 1.74; 1.87; -0.15
40304736.642998; 1.74; 1.87; -0.74
40321997.436996; 1.76; 1.87; -1.61
40336973.583992; 1.77; 1.87; -2.34
40352721.247993; 1.78; 1.87; -2.99
40369225.280998; 1.79; 1.87; -3.88
40384756.330994; 1.80; 1.87; -4.54
40400827.560997; 1.81; 1.87; -5.39
40416727.100990; 1.82; 1.87; -6.27
40433085.719994; 1.83; 1.86; -7.27
40448766.222000; 1.84; 1.86; -8.14
40464973.322998; 1.85; 1.86; -9.07
40481128.276001; 1.86; 1.86; -9.89
40499438.616997; 1.87; 1.86; -10.95
40512755.536995; 1.88; 1.86; -11.74
40529077.624992; 1.89; 1.85; -12.73
40544762.558998; 1.90; 1.85; -13.59
40560951.524002; 1.91; 1.85; -14.51
40592733.657997; 1.93; 1.84; -16.22
40597307.225998; 1.93; 1.84; -16.60
40608920.428993; 1.94; 1.84; -17.18
40624749.277000; 1.95; 1.84; -18.09
40643916.042000; 1.96; 1.84; -19.09
40659549.558990; 1.97; 1.83; -19.92
40673974.311996; 1.97; 1.83; -20.70
40689159.710999; 1.98; 1.83; -21.50
40704707.567993; 1.99; 1.82; -22.12
40720742.692993; 2.00; 1.82; -22.88
40736744.421997; 2.00; 1.82; -23.56
40752776.488998; 2.01; 1.81; -24.28
40768750.717995; 2.02; 1.81; -24.95
40787386.681000; 2.03; 1.81; -25.74
40800772.773003; 2.03; 1.80; -26.32
40816787.200996; 2.04; 1.80; -26.84
40833094.950996; 2.05; 1.80; -27.47
40849609.586998; 2.05; 1.79; -28.06
40865058.729996; 2.06; 1.79; -28.60
40880730.322998; 2.06; 1.79; -29.12
40897399.440002; 2.07; 1.78; -29.70
40912797.025993; 2.08; 1.78; -30.11
40928771.686996; 2.08; 1.78; -30.53
40944799.279999; 2.09; 1.77; -30.97
40962396.723999; 2.10; 1.77; -31.47
40978550.486000; 2.10; 1.77; -31.90
40992727.371994; 2.11; 1.76; -32.21
41008791.800995; 2.11; 1.76; -32.57
41025260.422997; 2.12; 1.76; -32.91
41041104.293999; 2.12; 1.75; -33.21
41057003.209999; 2.13; 1.75; -33.52
41074806.474998; 2.13; 1.74; -33.87
41088841.512993; 2.14; 1.74; -34.14
41104774.211998; 2.14; 1.74; -34.34
41122428.751991; 2.15; 1.73; -34.55
41139874.132996; 2.15; 1.73; -34.74
41155170.264992; 2.16; 1.73; -34.93
41168675.390999; 2.16; 1.72; -35.09
41184819.966995; 2.17; 1.72; -35.27
41200842.852997; 2.17; 1.72; -35.41
41216983.281998; 2.18; 1.71; -35.48
41234463.198997; 2.18; 1.71; -35.55
41248734.460999; 2.19; 1.71; -35.60
41264850.763000; 2.19; 1.70; -35.67
41282537.533997; 2.20; 1.70; -35.73
41297096.038994; 2.20; 1.70; -35.77
41313053.096992; 2.20; 1.70; -35.72
41330520.953995; 2.21; 1.69; -35.66
41344736.155998; 2.21; 1.69; -35.62
41361487.605995; 2.22; 1.69; -35.56
41378492.305992; 2.22; 1.68; -35.51
41394462.485001; 2.22; 1.68; -35.46
41410931.009995; 2.23; 1.68; -35.32
41424879.921997; 2.23; 1.68; -35.18
41442158.695992; 2.24; 1.67; -34.99
41458446.708992; 2.24; 1.67; -34.82
41473048.906998; 2.24; 1.67; -34.68
41489447.159996; 2.25; 1.66; -34.50
41507193.571999; 2.25; 1.66; -34.26
41520729.240997; 2.25; 1.66; -34.02
41538734.474998; 2.26; 1.66; -33.72
41553191.980995; 2.26; 1.66; -33.47
41568728.995003; 2.27; 1.65; -33.22
41584756.977997; 2.27; 1.65; -32.96
41602210.859993; 2.27; 1.65; -32.61
41616737.531998; 2.28; 1.65; -32.32
41634399.097992; 2.28; 1.64; -31.96
41648781.261993; 2.28; 1.64; -31.67
41667351.061996; 2.29; 1.64; -31.29
41680742.863991; 2.29; 1.64; -31.03
41698319.491997; 2.29; 1.64; -30.68
41714581.369995; 2.30; 1.63; -30.20
41730691.549995; 2.30; 1.63; -29.77
41744769.570999; 2.30; 1.63; -29.39
41762695.550995; 2.31; 1.63; -28.91
41776946.852997; 2.31; 1.63; -28.54
41792831.573997; 2.31; 1.62; -28.12
41808959.683998; 2.32; 1.62; -27.63
41826879.964996; 2.32; 1.62; -27.11
41843108.051994; 2.32; 1.62; -26.61
41857898.811996; 2.32; 1.62; -26.17
41872779.646996; 2.33; 1.62; -25.76
41891372.625999; 2.33; 1.62; -25.19
41904763.339996; 2.33; 1.61; -24.76
41922860.563995; 2.34; 1.61; -24.16
41936985.080994; 2.34; 1.61; -23.70
41955735.757996; 2.34; 1.61; -23.11
41968768.299995; 2.34; 1.61; -22.70
41987013.804993; 2.35; 1.61; -22.10
42001923.306999; 2.35; 1.61; -21.57
42016785.115997; 2.35; 1.61; -21.05
42034700.903999; 2.36; 1.60; -20.41
42048879.119003; 2.36; 1.60; -19.91
42065835.940994; 2.36; 1.60; -19.31
42080761.343994; 2.36; 1.60; -18.82
42097880.492996; 2.37; 1.60; -18.22
42116734.803001; 2.37; 1.60; -17.55
42130893.331993; 2.37; 1.60; -17.06
42144739.587997; 2.37; 1.60; -16.62
42162276.728996; 2.38; 1.60; -15.99
42177581.885994; 2.38; 1.60; -15.53
42192704.544998; 2.38; 1.60; -14.98
42209668.013992; 2.38; 1.60; -14.34
42226576.306000; 2.39; 1.60; -13.73
42241115.339996; 2.39; 1.59; -13.21
42257667.572990; 2.39; 1.59; -12.61
42275034.154999; 2.39; 1.59; -11.96
42289280.425995; 2.39; 1.59; -11.44
42306579.682999; 2.40; 1.59; -10.82
42320731.000000; 2.40; 1.59; -10.35
42338176.587997; 2.40; 1.59; -9.70
42355024.270996; 2.40; 1.59; -9.09
42371486.642998; 2.41; 1.59; -8.50
42386040.553001; 2.41; 1.59; -7.99
42400759.614998; 2.41; 1.59; -7.53
42416860.202995; 2.41; 1.59; -6.97
42433083.980995; 2.41; 1.59; -6.37
42448915.587997; 2.42; 1.59; -5.83
42465499.573997; 2.42; 1.59; -5.27
42481862.939995; 2.42; 1.59; -4.71
42500629.037994; 2.42; 1.59; -4.05
42512754.876999; 2.42; 1.59; -3.64
42529955.436996; 2.43; 1.59; -2.97
42544715.081993; 2.43; 1.59; -2.45
42561798.013000; 2.43; 1.59; -1.79
42577344.366997; 2.43; 1.59; -1.27
42594902.256996; 2.43; 1.59; -0.57
42609159.949997; 2.43; 1.59; -0.09
42625615.278000; 2.44; 1.59; 0.52
42642261.483994; 2.44; 1.59; 1.12
42656696.886002; 2.44; 1.59; 1.59
42672777.717995; 2.44; 1.59; 2.21
42688755.950996; 2.44; 1.59; 2.76
42704783.661995; 2.44; 1.59; 3.28
42720806.760002; 2.45; 1.59; 3.89
42736806.602997; 2.45; 1.59; 4.43
42752772.157997; 2.45; 1.59; 4.95
42768710.314995; 2.45; 1.59; 5.53
42786088.868004; 2.45; 1.59; 6.18
42800706.089996; 2.45; 1.59; 6.65
42819142.085991; 2.45; 1.59; 7.29
42834459.389999; 2.46; 1.59; 7.81
42848853.471001; 2.46; 1.59; 8.26
42864864.250992; 2.46; 1.59; 8.81
42881796.176003; 2.46; 1.59; 9.41
42900433.991997; 2.46; 1.59; 10.01
42914927.919998; 2.46; 1.59; 10.42
42929043.905998; 2.46; 1.59; 10.85
42944763.943001; 2.46; 1.59; 11.27
42961502.052002; 2.47; 1.59; 11.80
42976731.675995; 2.47; 1.59; 12.22
42993140.224998; 2.47; 1.59; 12.71
43010775.664001; 2.47; 1.59; 13.22
43026844.355995; 2.47; 1.59; 13.69
43040823.519997; 2.47; 1.59; 14.06
43059222.454994; 2.47; 1.59; 14.61
43072771.738998; 2.47; 1.59; 15.00
43092101.912994; 2.47; 1.59; 15.55
43107932.949997; 2.48; 1.59; 15.98
43122471.411995; 2.48; 1.59; 16.39
43138166.401993; 2.48; 1.60; 16.81
43152750.001991; 2.48; 1.60; 17.18
43171091.348991; 2.48; 1.60; 17.71
43185835.487000; 2.48; 1.60; 18.11
43200864.362000; 2.48; 1.60; 18.52
43218999.469994; 2.48; 1.60; 18.99
43232841.248001; 2.48; 1.60; 19.37
43249050.143997; 2.48; 1.60; 19.79
43264781.733002; 2.48; 1.60; 20.21
43282560.182999; 2.49; 1.60; 20.69
43301774.181999; 2.49; 1.60; 21.20
43312939.337997; 2.49; 1.60; 21.46
43330375.186996; 2.49; 1.60; 21.94
43346500.765999; 2.49; 1.60; 22.36
43361032.723991; 2.49; 1.60; 22.75
43378350.029999; 2.49; 1.60; 23.20
43393225.943001; 2.49; 1.60; 23.59
43409590.152000; 2.49; 1.60; 23.95
43427252.896996; 2.49; 1.60; 24.32
43441336.733994; 2.49; 1.60; 24.64
43456792.493996; 2.49; 1.60; 24.94
43472956.628998; 2.49; 1.60; 25.31
43489100.249992; 2.49; 1.60; 25.66
43504768.423996; 2.50; 1.60; 25.97
43521311.302994; 2.50; 1.60; 26.34
43539319.004997; 2.50; 1.60; 26.72
43554565.795998; 2.50; 1.60; 27.04
43568867.700996; 2.50; 1.60; 27.33
43584847.213997; 2.50; 1.60; 27.64
43602300.285995; 2.50; 1.60; 28.04
43616857.736000; 2.50; 1.60; 28.32
43633112.318993; 2.50; 1.60; 28.66
43648766.643997; 2.50; 1.61; 28.97
43666668.112991; 2.50; 1.61; 29.37
43681076.961998; 2.50; 1.61; 29.66
43696686.983002; 2.50; 1.61; 29.96
43712999.095993; 2.50; 1.61; 30.30
43731189.180992; 2.50; 1.61; 30.66
43745062.682999; 2.50; 1.61; 30.94
43760723.037994; 2.51; 1.61; 31.23
43778456.793999; 2.51; 1.61; 31.60
43793071.225998; 2.51; 1.61; 31.87
43811326.966995; 2.51; 1.61; 32.23
43825235.548996; 2.51; 1.61; 32.50
43841160.603996; 2.51; 1.61; 32.82
43857719.959999; 2.51; 1.61; 33.14
43874948.766998; 2.51; 1.61; 33.47
43889041.552994; 2.51; 1.61; 33.75
43904746.840996; 2.51; 1.61; 34.03
43922634.117996; 2.51; 1.61; 34.38
43938430.988991; 2.51; 1.61; 34.69
43953443.432999; 2.51; 1.61; 34.97
43970847.410995; 2.51; 1.61; 35.29
43985661.526993; 2.51; 1.61; 35.53
44000730.534996; 2.51; 1.61; 35.79
44019579.643997; 2.51; 1.61; 36.07
44034032.257996; 2.51; 1.61; 36.30
44049864.494995; 2.51; 1.61; 36.53
44073534.187996; 2.51; 1.61; 36.79
44081707.938995; 2.51; 1.61; 37.00
44101630.853996; 2.51; 1.61; 37.29
44120194.249001; 2.51; 1.61; 37.56
44130293.234993; 2.52; 1.61; 37.71
44144838.492996; 2.52; 1.61; 37.92
44165909.719002; 2.52; 1.61; 38.16
44177873.334999; 2.52; 1.62; 38.41
44193247.191994; 2.52; 1.62; 38.63
44209324.792000; 2.52; 1.62; 38.86
44224900.165993; 2.52; 1.62; 39.08
44240784.634995; 2.52; 1.62; 39.29
44256767.303993; 2.52; 1.62; 39.51
44272787.971001; 2.52; 1.62; 39.73
44288990.563995; 2.52; 1.62; 39.96
44305996.035995; 2.52; 1.62; 40.20
44321207.707001; 2.52; 1.62; 40.41
44338747.224998; 2.52; 1.62; 40.66
44354120.572998; 2.52; 1.62; 40.87
44368777.196999; 2.52; 1.62; 41.06
44387461.829002; 2.52; 1.62; 41.33
44400997.874992; 2.52; 1.62; 41.50
44416786.395996; 2.52; 1.62; 41.70
44432714.244995; 2.52; 1.62; 41.91
44450218.417992; 2.52; 1.62; 42.16
44464790.785995; 2.52; 1.62; 42.35
44480747.162003; 2.52; 1.62; 42.54
44497828.221992; 2.52; 1.62; 42.76
44512764.393997; 2.52; 1.62; 42.96
44528752.399994; 2.52; 1.62; 43.17
44546412.727997; 2.52; 1.62; 43.41
44560975.551994; 2.52; 1.62; 43.60
44576879.230995; 2.52; 1.62; 43.80
44594168.544991; 2.52; 1.62; 44.03
44609552.429001; 2.52; 1.62; 44.18
44626052.882996; 2.52; 1.62; 44.34
44640754.235992; 2.52; 1.62; 44.47
44656720.183998; 2.52; 1.62; 44.62
44672883.225998; 2.52; 1.62; 44.76
44688757.722992; 2.52; 1.62; 44.91
44706258.968994; 2.52; 1.62; 45.07
44722053.631996; 2.52; 1.62; 45.22
44737365.534996; 2.53; 1.62; 45.36
44754468.483002; 2.53; 1.62; 45.51
44768713.272995; 2.53; 1.62; 45.63
44786793.403000; 2.53; 1.62; 45.81
44800938.982002; 2.53; 1.62; 45.93
44819365.274994; 2.53; 1.62; 46.09
44834059.100998; 2.53; 1.62; 46.22
44848772.979996; 2.53; 1.62; 46.35
44865368.995995; 2.53; 1.62; 46.50
44881281.824989; 2.53; 1.62; 46.62
44898657.159996; 2.53; 1.63; 46.78
44913067.413002; 2.53; 1.63; 46.91
44930758.667999; 2.53; 1.63; 47.06
44946485.002998; 2.53; 1.63; 47.20
44961689.924995; 2.53; 1.63; 47.34
44978063.682999; 2.53; 1.63; 47.48
44995707.936996; 2.53; 1.63; 47.63
45011210.417000; 2.53; 1.63; 47.76
45027690.299995; 2.53; 1.63; 47.87
45041081.668999; 2.53; 1.63; 48.01
45056847.812996; 2.53; 1.63; 48.14
45072798.072998; 2.53; 1.63; 48.27
45089186.081001; 2.53; 1.63; 48.41
45106268.212997; 2.53; 1.63; 48.55
45120823.343994; 2.53; 1.63; 48.66
45138953.570999; 2.53; 1.63; 48.83
45152835.492996; 2.53; 1.63; 48.94
45168795.583992; 2.53; 1.63; 49.07
45184731.459991; 2.53; 1.63; 49.20
45201119.771996; 2.53; 1.63; 49.34
45217333.336990; 2.53; 1.63; 49.47
45232997.078995; 2.53; 1.63; 49.58
45249598.974991; 2.53; 1.63; 49.72
45264712.915993; 2.53; 1.63; 49.84
45280766.806000; 2.53; 1.63; 49.96
45296953.794998; 2.53; 1.63; 50.09
45313071.512993; 2.53; 1.63; 50.21
45329863.759995; 2.53; 1.63; 50.36
45345909.193993; 2.53; 1.63; 50.49
45361082.917000; 2.53; 1.63; 50.59
45377095.170998; 2.53; 1.63; 50.73
45393932.170998; 2.53; 1.63; 50.87
45410039.139999; 2.53; 1.63; 50.95
45425509.212997; 2.53; 1.63; 51.01
45442655.547997; 2.53; 1.63; 51.09
45456904.280998; 2.53; 1.63; 51.15
45472872.898994; 2.53; 1.63; 51.22
45490990.157997; 2.53; 1.63; 51.30
45504718.689995; 2.53; 1.63; 51.36
45522334.108994; 2.53; 1.63; 51.43
45536760.560989; 2.53; 1.63; 51.48
45552701.124001; 2.53; 1.63; 51.54
45568721.349998; 2.53; 1.63; 51.61
45584762.879997; 2.53; 1.63; 51.67
45600712.766991; 2.53; 1.63; 51.73
45618084.786995; 2.53; 1.63; 51.81
45632834.924995; 2.53; 1.63; 51.86
45649867.707001; 2.53; 1.63; 51.93
45664869.611992; 2.53; 1.63; 51.99
45681330.283997; 2.53; 1.63; 52.06
45697966.328995; 2.53; 1.63; 52.12
45712915.234001; 2.53; 1.63; 52.18
45730488.320000; 2.53; 1.63; 52.25
45744807.833992; 2.53; 1.63; 52.30
45761047.470993; 2.53; 1.63; 52.36
45777123.701996; 2.53; 1.63; 52.43
45795341.811996; 2.53; 1.63; 52.50
45808734.927002; 2.53; 1.63; 52.56
45824719.247993; 2.53; 1.63; 52.62
45840984.414993; 2.53; 1.63; 52.69
45856700.171997; 2.53; 1.63; 52.75
45873871.903000; 2.53; 1.63; 52.82
45888790.560997; 2.53; 1.63; 52.88
45905940.127998; 2.53; 1.63; 52.95
45920708.945000; 2.53; 1.63; 53.00
45939669.267998; 2.53; 1.63; 53.08
45954383.755997; 2.53; 1.63; 53.14
45968764.943001; 2.54; 1.63; 53.19
45988538.559998; 2.54; 1.63; 53.27
46003376.335999; 2.54; 1.63; 53.33
46016994.825996; 2.54; 1.63; 53.38
46034930.017998; 2.54; 1.64; 53.44
46048743.952995; 2.54; 1.64; 53.49
46064792.473000; 2.54; 1.64; 53.54
46081766.024994; 2.54; 1.64; 53.61
46099927.013000; 2.54; 1.64; 53.67
46113746.427994; 2.54; 1.64; 53.72
46129218.603996; 2.54; 1.64; 53.78
46146843.884995; 2.54; 1.64; 53.84
46161179.250992; 2.54; 1.64; 53.89
46179512.473000; 2.54; 1.64; 53.96
46193440.261993; 2.54; 1.64; 54.01
46209018.951996; 2.54; 1.64; 54.06
46227955.324997; 2.54; 1.64; 54.13
46241562.575996; 2.54; 1.64; 54.18
46256713.672997; 2.54; 1.64; 54.23
46272773.098991; 2.54; 1.64; 54.29
46288729.226997; 2.54; 1.64; 54.34
46306106.370003; 2.54; 1.64; 54.41
46322666.663002; 2.54; 1.64; 54.47
46336759.840996; 2.54; 1.64; 54.52
46355063.660995; 2.54; 1.64; 54.58
46368755.366997; 2.54; 1.64; 54.63
46384717.901993; 2.54; 1.64; 54.69
46400969.070992; 2.54; 1.64; 54.75
46416735.841995; 2.54; 1.64; 54.80
46434729.497002; 2.54; 1.64; 54.87
46449697.504997; 2.54; 1.64; 54.92
46464758.811996; 2.54; 1.64; 54.97
46482172.129997; 2.54; 1.64; 55.04
46501498.845993; 2.54; 1.64; 55.10
46513110.223999; 2.54; 1.64; 55.14
46529721.988998; 2.54; 1.64; 55.19
46544819.231003; 2.54; 1.64; 55.24
46563444.857994; 2.54; 1.64; 55.30
46577998.445000; 2.54; 1.64; 55.34
46592768.042000; 2.54; 1.64; 55.39
46611110.240997; 2.54; 1.64; 55.45
46625191.912994; 2.54; 1.64; 55.50
46641101.468994; 2.54; 1.64; 55.54
46656918.336990; 2.54; 1.64; 55.59
46674809.371994; 2.54; 1.64; 55.65
46691204.070992; 2.54; 1.64; 55.70
46706893.336998; 2.54; 1.64; 55.75
46720942.953995; 2.54; 1.64; 55.80
46739037.102997; 2.54; 1.64; 55.86
46753782.561996; 2.54; 1.64; 55.90
46768761.663994; 2.54; 1.64; 55.95
46786942.578995; 2.54; 1.64; 56.01
46802573.386993; 2.54; 1.64; 56.03
46817775.252998; 2.54; 1.64; 56.02
46832771.051994; 2.54; 1.64; 56.02
46851470.973000; 2.54; 1.64; 56.01
46864779.892998; 2.54; 1.64; 56.00
46880682.186996; 2.54; 1.64; 56.00
46898834.574997; 2.54; 1.64; 55.99
46912781.679001; 2.54; 1.64; 55.98
46930576.676994; 2.54; 1.64; 55.98
46945743.220001; 2.54; 1.64; 55.97
46961495.888000; 2.54; 1.64; 55.96
46978904.155998; 2.54; 1.64; 55.96
46994889.213997; 2.54; 1.64; 55.95
47008738.013000; 2.54; 1.64; 55.95
47024789.866997; 2.54; 1.64; 55.94
47043095.453995; 2.54; 1.64; 55.93
47059049.874992; 2.54; 1.64; 55.92
47072766.938995; 2.54; 1.64; 55.92
47088732.124001; 2.54; 1.64; 55.91
47105912.673996; 2.54; 1.64; 55.91
47123517.232994; 2.54; 1.64; 55.90
47138356.318001; 2.54; 1.64; 55.89
47152824.302002; 2.54; 1.64; 55.89
47168943.131996; 2.54; 1.64; 55.88
47184733.454994; 2.54; 1.64; 55.88
47201682.431000; 2.54; 1.64; 55.87
47218043.472992; 2.54; 1.64; 55.86
47232721.853996; 2.54; 1.64; 55.86
47250038.213997; 2.54; 1.64; 55.85
47264838.707001; 2.54; 1.64; 55.84
47281878.890991; 2.54; 1.64; 55.84
47296967.951996; 2.54; 1.64; 55.83
47312704.940994; 2.54; 1.64; 55.82
47330765.526001; 2.54; 1.64; 55.82
47344956.023003; 2.54; 1.64; 55.81
47363317.473991; 2.54; 1.64; 55.80
47376917.698997; 2.54; 1.64; 55.80
47392758.083000; 2.54; 1.64; 55.79
47410517.598000; 2.54; 1.64; 55.79
47424725.209000; 2.54; 1.64; 55.78
47440751.386993; 2.54; 1.64; 55.77
47458556.564995; 2.54; 1.64; 55.77
47472799.830002; 2.54; 1.64; 55.76
47490647.281998; 2.54; 1.64; 55.75
47506756.539993; 2.54; 1.64; 55.75
47520879.675995; 2.54; 1.64; 55.74
47537954.750992; 2.54; 1.64; 55.74
47552753.185997; 2.54; 1.64; 55.73
47569290.423996; 2.54; 1.64; 55.72
47585422.765991; 2.54; 1.64; 55.72
47601838.958992; 2.54; 1.64; 55.71
47618908.033997; 2.54; 1.64; 55.70
47633748.468994; 2.54; 1.64; 55.70
47648738.653992; 2.54; 1.64; 55.69
47667677.195000; 2.54; 1.64; 55.68
47681958.274994; 2.54; 1.64; 55.68
47698150.835999; 2.54; 1.64; 55.67
47712853.523003; 2.54; 1.64; 55.67
47729156.368996; 2.54; 1.64; 55.66
47744801.673996; 2.54; 1.64; 55.65
47762615.615997; 2.54; 1.64; 55.65
47776709.875992; 2.54; 1.64; 55.64
47792744.542000; 2.54; 1.64; 55.63
47808797.886993; 2.54; 1.64; 55.63
47827287.991997; 2.54; 1.64; 55.62
47840748.666000; 2.54; 1.64; 55.62
47856808.006996; 2.54; 1.64; 55.61
47874861.915001; 2.54; 1.64; 55.60
47890505.330994; 2.54; 1.64; 55.60
47904728.494995; 2.54; 1.64; 55.59
47923321.176994; 2.54; 1.64; 55.58
47937324.658997; 2.54; 1.64; 55.58
47954432.528999; 2.54; 1.64; 55.57
47968832.022995; 2.54; 1.64; 55.56
47987523.240997; 2.54; 1.64; 55.56
48001673.907997; 2.54; 1.64; 54.58
48016723.388000; 2.54; 1.64; 51.72
48032916.143997; 2.54; 1.64; 48.39
48048973.910995; 2.54; 1.64; 45.33
48066139.546997; 2.54; 1.64; 42.09
48080812.620995; 2.54; 1.64; 39.47
48101206.018997; 2.54; 1.64; 35.56
48114555.290001; 2.54; 1.64; 33.09
48129221.373993; 2.54; 1.64; 30.71
48144841.035995; 2.54; 1.64; 27.85
48160719.701996; 2.54; 1.64; 25.29
48176882.485001; 2.54; 1.64; 22.20
48192729.430992; 2.54; 1.64; 19.63
48210347.364998; 2.54; 1.64; 16.65
48224865.099998; 2.54; 1.64; 14.47
48241907.517998; 2.54; 1.64; 11.77
48258203.835999; 2.54; 1.64; 9.25
48274621.081993; 2.54; 1.64; 6.73
48288693.233994; 2.54; 1.64; 4.61
48304747.901993; 2.54; 1.64; 2.26
48323159.531998; 2.54; 1.64; -0.27
48338806.420990; 2.54; 1.64; -2.44
48352772.660995; 2.54; 1.64; -4.51
48371292.569992; 2.54; 1.64; -7.10
48385942.759995; 2.54; 1.64; -9.16
48400817.018997; 2.54; 1.64; -11.10
48417434.820999; 2.54; 1.64; -13.24
48433737.063995; 2.54; 1.64; -15.31
48448847.396996; 2.54; 1.64; -17.23
48464734.142998; 2.54; 1.64; -19.03
48482601.078995; 2.54; 1.64; -21.51
48500087.993996; 2.54; 1.64; -23.61
48514766.644997; 2.54; 1.64; -25.33
48530460.023994; 2.54; 1.64; -27.14
48545391.064995; 2.54; 1.64; -28.85
48560750.221992; 2.54; 1.64; -30.52
48576700.466995; 2.54; 1.64; -32.35
48592804.514999; 2.54; 1.64; -34.22
48610336.888992; 2.54; 1.64; -36.12
48624763.511993; 2.54; 1.64; -37.35
48640813.847000; 2.54; 1.64; -39.15
48658480.638992; 2.54; 1.64; -40.96
48672719.739998; 2.54; 1.64; -42.33
48689829.433998; 2.54; 1.64; -44.22
48705999.001999; 2.54; 1.64; -45.73
48723063.678001; 2.54; 1.64; -47.31
48736703.300995; 2.54; 1.64; -48.52
48753371.731995; 2.54; 1.64; -50.09
48770122.454002; 2.54; 1.64; -51.61
48784797.417000; 2.54; 1.64; -52.93
48800792.049995; 2.54; 1.64; -54.40
48817037.994995; 2.54; 1.64; -55.76
48833992.208992; 2.54; 1.64; -57.17
48848721.195992; 2.54; 1.64; -58.32
48864740.808998; 2.54; 1.64; -59.73
48882645.257996; 2.54; 1.64; -61.23
48902348.570999; 2.54; 1.64; -62.77
48915169.971001; 2.54; 1.64; -63.78
48929041.964996; 2.54; 1.64; -64.77
48947438.904991; 2.54; 1.64; -66.19
48960799.108994; 2.54; 1.64; -67.18
48978352.063995; 2.54; 1.64; -68.51
48992785.097000; 2.54; 1.64; -69.54
49008986.415993; 2.54; 1.64; -70.69
49026837.505997; 2.54; 1.64; -71.89
49040756.309998; 2.54; 1.64; -72.73
49056837.100990; 2.54; 1.64; -73.82
49073762.707001; 2.54; 1.64; -75.05
49090847.025993; 2.54; 1.64; -76.16
49104788.848999; 2.54; 1.64; -77.06
49123271.306999; 2.54; 1.64; -78.16
49136975.101997; 2.54; 1.64; -78.99
49153329.080994; 2.54; 1.64; -79.96
49168987.377998; 2.54; 1.64; -80.86
49185411.358994; 2.54; 1.64; -81.90
49200752.876999; 2.54; 1.64; -82.74
49218450.101997; 2.54; 1.64; -83.76
49232913.351997; 2.54; 1.64; -84.56
49249901.083000; 2.54; 1.64; -85.49
49266818.821999; 2.54; 1.64; -86.42
49281127.434998; 2.54; 1.64; -87.21
49300471.452995; 2.54; 1.64; -88.24
49313529.265991; 2.54; 1.64; -88.87
49330987.239998; 2.54; 1.64; -89.70
49345932.598000; 2.54; 1.64; -90.47
49360743.725998; 2.54; 1.64; -91.17
49376727.547997; 2.54; 1.64; -91.96
49394388.401001; 2.54; 1.64; -92.86
49408685.275993; 2.54; 1.64; -93.48
49424760.124992; 2.54; 1.64; -94.19
49440845.182991; 2.54; 1.64; -94.88
49457538.053001; 2.54; 1.64; -95.65
49472708.057999; 2.54; 1.64; -96.25
49488814.641998; 2.54; 1.64; -97.01
49506536.301003; 2.54; 1.64; -97.73
49520871.689995; 2.54; 1.64; -98.28
49538747.687996; 2.54; 1.64; -98.95
49553879.798996; 2.54; 1.64; -99.57
49570073.803993; 2.54; 1.64; -100.13
49585078.329002; 2.54; 1.64; -100.73
49602407.259003; 2.54; 1.64; -101.43
49616835.433998; 2.54; 1.64; -101.93
49632906.902992; 2.54; 1.64; -102.53
49648696.863991; 2.54; 1.64; -103.06
49664933.598000; 2.54; 1.64; -103.69
49681036.116997; 2.54; 1.64; -104.21
49700005.134995; 2.54; 1.64; -104.93
49713032.625000; 2.54; 1.64; -105.28
49728756.273994; 2.54; 1.64; -105.82
49744762.156998; 2.54; 1.64; -106.32
49760738.945000; 2.54; 1.64; -106.86
49776877.576996; 2.54; 1.64; -107.40
49793145.662994; 2.54; 1.64; -107.91
49809616.070999; 2.54; 1.64; -108.41
49824815.626999; 2.54; 1.64; -108.80
49843717.092003; 2.54; 1.64; -109.37
49856781.124992; 2.54; 1.64; -109.71
49872733.193993; 2.54; 1.64; -110.22
49891609.293999; 2.54; 1.64; -110.76
49904791.299995; 2.54; 1.64; -111.13
49922845.693001; 2.54; 1.64; -111.59
49936781.054001; 2.54; 1.64; -111.97
49952734.221001; 2.54; 1.64; -112.34
49968748.527992; 2.54; 1.64; -112.76
49985457.820999; 2.54; 1.64; -113.25
50000722.259995; 2.54; 1.64; -113.61
50018767.934998; 2.54; 1.64; -114.03
50033842.615997; 2.54; 1.64; -114.38
50048828.460999; 2.54; 1.64; -114.72
50064829.379997; 2.54; 1.64; -115.09
50081030.488998; 2.54; 1.64; -115.43
50100072.008995; 2.54; 1.64; -115.89
50116531.362999; 2.54; 1.64; -116.21
50130566.274994; 2.54; 1.64; -116.53
50145213.004997; 2.54; 1.64; -116.84
50160703.575996; 2.54; 1.64; -117.15
50176691.228996; 2.54; 1.64; -117.49
50192774.730995; 2.54; 1.64; -117.82
50208706.168999; 2.54; 1.64; -118.15
50224714.583992; 2.54; 1.64; -118.46
50240780.746994; 2.54; 1.64; -118.75
50257878.385994; 2.54; 1.64; -119.09
50273928.104996; 2.54; 1.64; -119.40
50289957.374992; 2.54; 1.64; -119.70
50304810.524994; 2.54; 1.64; -119.95
50323662.946999; 2.54; 1.64; -120.27
50337502.411995; 2.54; 1.64; -120.52
50352707.727997; 2.54; 1.64; -120.77
50368969.729996; 2.54; 1.64; -121.06
50387252.263992; 2.54; 1.64; -121.36
50400752.076996; 2.54; 1.64; -121.58
50416957.374001; 2.54; 1.64; -121.83
50432792.782997; 2.54; 1.64; -122.06
50451768.857994; 2.54; 1.64; -122.34
50465476.817001; 2.54; 1.64; -122.55
50481526.313995; 2.54; 1.64; -122.80
50499277.184990; 2.54; 1.64; -123.06
50514481.884995; 2.54; 1.64; -123.27
50530228.728996; 2.54; 1.64; -123.49
50544968.560997; 2.54; 1.64; -123.69
50560762.742996; 2.54; 1.64; -123.91
50576854.570992; 2.54; 1.64; -124.13
50593819.612991; 2.54; 1.64; -124.37
50609230.647995; 2.54; 1.64; -124.56
50625057.847992; 2.54; 1.64; -124.75
50640699.447998; 2.54; 1.64; -124.92
50658098.385994; 2.54; 1.64; -125.14
50672746.899994; 2.54; 1.64; -125.31
50688722.954002; 2.54; 1.64; -125.49
50707933.002998; 2.54; 1.64; -125.72
50721532.762993; 2.54; 1.64; -125.88
50738526.675995; 2.54; 1.64; -126.06
50752719.406998; 2.54; 1.64; -126.21
50768762.643997; 2.54; 1.64; -126.39
50785848.518990; 2.54; 1.64; -126.59
50800774.737000; 2.54; 1.64; -126.73
50816700.036995; 2.54; 1.64; -126.90
50833572.269997; 2.54; 1.64; -127.07
50848783.315994; 2.54; 1.64; -127.21
50867155.772995; 2.54; 1.64; -127.40
50881524.370995; 2.54; 1.64; -127.53
50897187.971001; 2.54; 1.64; -127.68
50913453.904999; 2.54; 1.64; -127.84
50928956.885994; 2.54; 1.64; -127.99
50944711.627998; 2.54; 1.64; -128.12
50962569.949997; 2.54; 1.64; -128.29
50976722.403999; 2.54; 1.64; -128.42
50992706.911995; 2.54; 1.64; -128.55
51008750.721992; 2.54; 1.64; -128.70
51024790.061996; 2.54; 1.64; -128.82
51040719.095001; 2.54; 1.64; -128.94
51056759.538994; 2.54; 1.64; -129.07
51074582.084999; 2.54; 1.64; -129.21
51089299.969994; 2.54; 1.64; -129.34
51106508.455002; 2.54; 1.64; -129.46
51120733.491997; 2.54; 1.64; -129.56
51136794.518997; 2.54; 1.64; -129.67
51153846.611000; 2.54; 1.64; -129.80
51170159.550995; 2.54; 1.64; -129.92
51186195.800995; 2.54; 1.64; -130.03
51200690.398003; 2.54; 1.64; -130.12
51217962.272995; 2.54; 1.64; -130.23
51232706.684998; 2.54; 1.64; -130.31
51249012.173996; 2.54; 1.64; -130.41
51265494.710999; 2.54; 1.64; -130.51
51282477.560997; 2.54; 1.64; -130.61
51299209.514000; 2.54; 1.64; -130.71
51313226.403992; 2.54; 1.64; -130.79
51330989.340996; 2.54; 1.64; -130.90
51344919.254997; 2.54; 1.64; -130.98
51361127.490997; 2.54; 1.64; -131.08
51378163.573997; 2.54; 1.64; -131.18
51393295.024994; 2.54; 1.64; -131.27
51409836.301994; 2.54; 1.64; -131.36
51426741.032997; 2.54; 1.64; -131.44
51441476.210999; 2.54; 1.64; -131.52
51458499.041000; 2.54; 1.64; -131.61
51473141.070000; 2.54; 1.64; -131.68
51490070.491997; 2.54; 1.64; -131.77
51505910.165993; 2.54; 1.64; -131.85
51520741.705994; 2.54; 1.64; -131.93
51539710.451996; 2.54; 1.64; -132.02
51552723.761002; 2.54; 1.64; -132.08
51568902.865997; 2.54; 1.64; -132.17
51585278.098991; 2.54; 1.64; -132.26
51600707.430000; 2.54; 1.64; -132.33
51618910.056000; 2.54; 1.64; -132.40
51634044.433998; 2.54; 1.64; -132.46
51648744.297997; 2.54; 1.64; -132.52
51667785.902000; 2.54; 1.64; -132.59
51682602.039993; 2.54; 1.64; -132.65
51699968.623993; 2.54; 1.64; -132.70
51714280.917999; 2.53; 1.63; -132.70
51729420.280991; 2.52; 1.62; -132.70
51746240.878990; 2.51; 1.61; -132.70
51761886.451996; 2.51; 1.60; -132.70
51777350.139999; 2.50; 1.59; -132.70
51793284.068001; 2.49; 1.58; -132.70
51810532.073997; 2.48; 1.57; -132.70
51824793.072998; 2.47; 1.56; -132.70
51840935.388000; 2.46; 1.55; -132.70
51856706.475998; 2.45; 1.54; -132.70
51874764.110992; 2.44; 1.53; -132.70
51889070.487999; 2.44; 1.52; -132.70
51905544.287994; 2.43; 1.51; -132.70
51920733.675995; 2.42; 1.51; -132.70
51937029.603996; 2.41; 1.50; -132.70
51954012.748001; 2.40; 1.49; -132.70
51968824.627998; 2.39; 1.48; -132.70
51986479.641998; 2.38; 1.47; -132.70
52000890.502998; 2.38; 1.46; -132.70
52016910.360992; 2.37; 1.45; -132.70
52033542.423996; 2.36; 1.44; -132.70
52049185.253998; 2.35; 1.43; -132.70
52065215.664993; 2.34; 1.42; -132.70
52080995.983002; 2.33; 1.41; -132.70
52099929.746002; 2.32; 1.40; -132.70
52112839.353996; 2.32; 1.40; -132.70
52131212.600990; 2.30; 1.38; -132.70
52144799.585999; 2.30; 1.37; -132.70
52160753.154999; 2.29; 1.37; -132.70
52177586.451996; 2.28; 1.35; -132.70
52192785.769997; 2.27; 1.35; -132.70
52209441.180000; 2.26; 1.34; -132.70
52226264.147995; 2.25; 1.33; -132.70
52240778.109001; 2.25; 1.32; -132.70
52257650.640999; 2.24; 1.31; -132.70
52275150.014999; 2.23; 1.30; -132.70
52289573.806999; 2.22; 1.29; -132.70
52305885.087997; 2.21; 1.28; -132.70
52320772.595993; 2.20; 1.27; -132.70
52337969.996994; 2.19; 1.26; -132.70
52354866.568993; 2.18; 1.25; -132.70
52369864.609993; 2.17; 1.24; -132.70
52384711.105995; 2.17; 1.23; -132.70
52401869.973000; 2.16; 1.22; -132.70
52418662.334000; 2.15; 1.21; -132.70
52433051.946991; 2.14; 1.20; -132.70
52450005.699997; 2.13; 1.19; -132.70
52467278.869995; 2.12; 1.18; -132.70
52481304.137001; 2.11; 1.18; -132.70
52502772.410995; 2.10; 1.16; -132.70
52513384.653000; 2.10; 1.16; -132.70
52528874.685997; 2.09; 1.15; -132.70
52547335.102997; 2.08; 1.14; -132.70
52561611.959000; 2.07; 1.13; -132.70
52577350.085991; 2.06; 1.12; -132.70
52593959.991997; 2.05; 1.11; -132.70
52609904.575996; 2.04; 1.10; -132.70
52626891.347000; 2.04; 1.09; -132.70
52640991.962997; 2.03; 1.08; -132.70
52658615.082001; 2.02; 1.07; -132.70
52672748.177994; 2.01; 1.06; -132.70
52688815.693001; 2.00; 1.05; -132.70
52706449.783997; 1.99; 1.04; -132.70
52720765.854996; 1.98; 1.04; -132.70
52737602.755997; 1.98; 1.02; -132.70
52753552.834999; 1.97; 1.02; -132.70
52768704.912994; 1.96; 1.01; -132.70
52786145.064995; 1.95; 1.00; -132.70
52803529.018997; 1.94; 0.99; -132.70
52816814.820992; 1.93; 0.98; -132.70
52833314.329002; 1.92; 0.97; -132.70
52850638.593994; 1.91; 0.96; -132.70
52865202.565994; 1.91; 0.95; -132.70
52882549.576996; 1.90; 0.94; -132.70
52897682.948997; 1.89; 0.93; -132.70
52912737.543999; 1.88; 0.92; -132.70
52929091.269997; 1.87; 0.91; -132.70
52945963.644997; 1.86; 0.90; -132.70
52960770.172997; 1.85; 0.89; -132.70
52977551.924995; 1.84; 0.88; -132.70
52994866.075996; 1.84; 0.87; -132.70
53008808.692993; 1.83; 0.87; -132.70
53026451.553993; 1.82; 0.85; -132.70
53040790.945000; 1.81; 0.85; -132.70
53058439.540001; 1.80; 0.84; -132.70
53072765.122002; 1.79; 0.83; -132.70
53089772.791992; 1.78; 0.82; -132.70
53105916.586998; 1.78; 0.81; -132.83
53122159.460999; 1.77; 0.80; -132.99
53136771.352997; 1.76; 0.79; -133.13
53152747.189003; 1.75; 0.78; -133.29
53169796.723999; 1.74; 0.77; -133.46
53185443.306999; 1.73; 0.76; -133.61
53200721.299995; 1.73; 0.76; -133.86
53218333.139000; 1.72; 0.75; -134.28
53234628.777000; 1.71; 0.74; -134.65
53249218.788994; 1.70; 0.73; -134.95
53265987.905991; 1.69; 0.72; -135.35
53280700.593994; 1.68; 0.71; -135.66
53296716.612999; 1.68; 0.70; -136.02
53314741.061996; 1.67; 0.70; -136.45
53330341.285995; 1.66; 0.69; -136.82
53346986.221992; 1.65; 0.68; -137.20
53362602.302994; 1.64; 0.67; -137.57
53378282.476997; 1.63; 0.67; -137.94
53393974.380997; 1.63; 0.66; -138.31
53408750.644997; 1.62; 0.65; -138.63
53427109.984993; 1.61; 0.65; -139.07
53441903.597992; 1.60; 0.64; -139.42
53457886.653992; 1.60; 0.63; -139.79
53472811.736992; 1.59; 0.63; -140.12
53490205.473000; 1.58; 0.62; -140.53
53504868.977997; 1.58; 0.62; -140.80
53521853.384995; 1.57; 0.61; -141.17
53536904.082001; 1.56; 0.60; -141.47
53552754.674995; 1.55; 0.60; -141.78
53570450.631996; 1.55; 0.59; -142.16
53584749.211990; 1.54; 0.59; -142.43
53601667.527000; 1.53; 0.58; -142.79
53619830.719002; 1.53; 0.58; -143.15
53633570.831001; 1.52; 0.57; -143.41
53649435.325996; 1.51; 0.57; -143.73
53666824.491997; 1.51; 0.56; -144.07
53682291.305992; 1.50; 0.56; -144.38
53696676.916992; 1.49; 0.55; -144.63
53712724.025993; 1.49; 0.55; -144.86
53728726.335999; 1.48; 0.55; -145.10
53745655.980995; 1.48; 0.54; -145.36
53760855.891998; 1.47; 0.54; -145.58
53777026.657997; 1.46; 0.53; -145.82
53792927.419998; 1.46; 0.53; -146.06
53808777.522995; 1.45; 0.52; -146.25
53824707.260994; 1.45; 0.52; -146.42
53842731.700996; 1.44; 0.52; -146.64
53858320.976997; 1.43; 0.51; -146.82
53873367.100998; 1.43; 0.51; -146.99
53890749.374992; 1.42; 0.51; -147.19
53906418.868996; 1.42; 0.50; -147.35
53920720.903000; 1.41; 0.50; -147.47
53939391.082001; 1.41; 0.50; -147.64
53952944.240997; 1.40; 0.49; -147.77
53968845.702995; 1.40; 0.49; -147.91
53984812.263992; 1.39; 0.49; -148.07
54001039.165001; 1.39; 0.48; -148.18
54017286.120995; 1.38; 0.48; -148.29
54034172.014000; 1.38; 0.48; -148.40
54049103.487000; 1.37; 0.47; -148.49
54065262.773994; 1.37; 0.47; -148.60
54080727.914001; 1.36; 0.47; -148.69
54096683.043991; 1.36; 0.47; -148.78
54121116.427002; 1.35; 0.46; -148.89
54135934.945999; 1.35; 0.46; -148.93
54146602.636002; 1.35; 0.46; -149.00
54161597.663994; 1.34; 0.46; -149.07
54176848.688995; 1.34; 0.45; -149.13
54194686.637001; 1.33; 0.45; -149.21
54209165.148994; 1.33; 0.45; -149.21
54224766.846992; 1.32; 0.45; -149.20
54245801.169998; 1.32; 0.44; -149.17
54257424.742996; 1.32; 0.44; -149.16
54272792.610001; 1.31; 0.44; -149.14
54290325.340996; 1.31; 0.44; -149.12
54304768.274002; 1.30; 0.43; -149.08
54323199.300995; 1.30; 0.43; -149.02
54337250.477997; 1.30; 0.43; -148.98
54354705.744995; 1.29; 0.43; -148.92
54369701.603996; 1.29; 0.42; -148.87
54386770.318001; 1.29; 0.42; -148.82
54401062.792999; 1.28; 0.42; -148.76
54418176.644997; 1.28; 0.42; -148.66
54433437.893997; 1.28; 0.42; -148.58
54449739.397995; 1.27; 0.41; -148.49
54465962.487999; 1.27; 0.41; -148.40
54480958.262001; 1.27; 0.41; -148.31
54496739.306999; 1.26; 0.41; -148.22
54512758.157997; 1.26; 0.41; -148.11
54528822.856995; 1.26; 0.40; -147.97
54544835.865997; 1.25; 0.40; -147.84
54560781.782997; 1.25; 0.40; -147.72
54576767.939995; 1.25; 0.40; -147.59
54592728.391998; 1.25; 0.40; -147.47
54608865.595001; 1.24; 0.40; -147.34
54624807.235992; 1.24; 0.39; -147.23
54640735.448997; 1.24; 0.39; -147.11
54658853.165001; 1.23; 0.39; -146.99
54672707.870995; 1.23; 0.39; -146.89
54688919.682991; 1.23; 0.39; -146.77
54704691.834991; 1.23; 0.39; -146.64
54720722.769997; 1.22; 0.38; -146.48
54739987.178993; 1.22; 0.38; -146.29
54753200.506996; 1.22; 0.38; -146.16
54768730.117996; 1.22; 0.38; -146.02
54784996.939995; 1.22; 0.38; -145.88
54801019.268997; 1.21; 0.38; -145.71
54817207.290993; 1.21; 0.37; -145.57
54834056.296997; 1.21; 0.37; -145.41
54848744.320999; 1.21; 0.37; -145.27
54865183.459000; 1.20; 0.37; -145.12
54880821.089996; 1.20; 0.37; -145.00
54899381.185997; 1.20; 0.37; -144.81
54913476.014000; 1.20; 0.37; -144.69
54931201.262993; 1.20; 0.36; -144.54
54945547.152992; 1.19; 0.36; -144.41
54960849.678001; 1.19; 0.36; -144.29
54977557.033997; 1.19; 0.36; -144.13
54992864.581993; 1.19; 0.36; -144.01
55010015.032997; 1.19; 0.36; -143.83
55024750.950996; 1.18; 0.36; -143.67
55041996.320999; 1.18; 0.35; -143.47
55056807.229996; 1.18; 0.35; -143.32
55073323.446999; 1.18; 0.35; -143.12
55088764.660995; 1.18; 0.35; -142.96
55106253.753998; 1.18; 0.35; -142.73
55122744.854996; 1.17; 0.35; -142.54
55138635.645996; 1.17; 0.35; -142.32
55153227.238998; 1.17; 0.35; -142.14
55170510.525993; 1.17; 0.34; -141.92
55185107.973000; 1.17; 0.34; -141.73
55201672.944000; 1.17; 0.34; -141.53
55218837.917000; 1.16; 0.34; -141.32
55232717.538994; 1.16; 0.34; -141.15
55248745.708992; 1.16; 0.34; -140.96
55264769.281998; 1.16; 0.34; -140.75
55280701.048996; 1.16; 0.34; -140.56
55300572.877998; 1.16; 0.33; -140.32
55314797.638992; 1.16; 0.33; -140.15
55328761.291000; 1.16; 0.33; -140.00
55344875.964996; 1.15; 0.33; -139.79
55362153.561996; 1.15; 0.33; -139.58
55378566.365997; 1.15; 0.33; -139.39
55392721.334999; 1.15; 0.33; -139.23
55408759.414993; 1.15; 0.33; -139.06
55425270.143997; 1.15; 0.33; -138.91
55442757.500999; 1.15; 0.33; -138.76
55456764.043999; 1.15; 0.32; -138.63
55474168.575996; 1.14; 0.32; -138.47
55489878.474998; 1.14; 0.32; -138.32
55506286.403000; 1.14; 0.32; -138.14
55520827.614998; 1.14; 0.32; -137.99
55537302.455994; 1.14; 0.32; -137.79
55554199.252998; 1.14; 0.32; -137.59
55569424.691994; 1.14; 0.32; -137.42
55586499.177002; 1.14; 0.32; -137.22
55601039.198997; 1.14; 0.32; -137.06
55617442.187996; 1.14; 0.32; -136.87
55632733.501999; 1.13; 0.31; -136.71
55648730.668999; 1.13; 0.31; -136.54
55664751.624001; 1.13; 0.31; -136.36
55681083.644997; 1.13; 0.31; -136.17
55696680.307999; 1.13; 0.31; -136.01
55713055.725998; 1.13; 0.31; -135.82
55730078.889992; 1.13; 0.31; -135.64
55745509.959000; 1.13; 0.31; -135.47
55762322.825996; 1.13; 0.31; -135.30
55776729.737999; 1.13; 0.31; -135.14
55793136.951996; 1.13; 0.31; -134.96
55808769.956993; 1.13; 0.31; -134.82
55825117.132996; 1.12; 0.30; -134.64
55840817.321991; 1.12; 0.30; -134.49
55857437.754997; 1.12; 0.30; -134.33
55872974.667999; 1.12; 0.30; -134.17
55888964.766998; 1.12; 0.30; -134.01
55905968.396996; 1.12; 0.30; -133.84
55921293.089996; 1.12; 0.30; -133.70
55936729.012993; 1.12; 0.30; -133.56
55952712.068001; 1.12; 0.30; -133.39
55969216.956001; 1.12; 0.30; -133.22
55985043.658997; 1.12; 0.30; -133.06
56002519.145996; 1.12; 0.30; -132.89
56016721.595001; 1.12; 0.30; -132.76
56035293.459000; 1.12; 0.30; -132.58
56048692.545998; 1.12; 0.29; -132.45
56064800.873993; 1.11; 0.29; -132.30
56084177.556000; 1.11; 0.29; -132.12
56097846.127998; 1.11; 0.29; -131.99
56112906.932999; 1.11; 0.29; -131.85
56129448.712997; 1.11; 0.29; -131.70
56145597.108002; 1.11; 0.29; -131.55
56161697.512001; 1.11; 0.29; -131.40
56176724.933998; 1.11; 0.29; -131.27
56192825.030991; 1.11; 0.29; -131.13
56208783.793999; 1.11; 0.29; -131.01
56224762.835999; 1.11; 0.29; -130.92
56240710.177994; 1.11; 0.29; -130.82
56258552.752998; 1.11; 0.29; -130.69
56274131.013000; 1.11; 0.29; -130.60
56288736.917000; 1.11; 0.29; -130.51
56305939.235992; 1.11; 0.29; -130.37
56322508.232994; 1.11; 0.29; -130.24
56339124.120995; 1.11; 0.28; -130.10
56354785.155998; 1.11; 0.28; -129.97
56369703.297997; 1.11; 0.28; -129.84
56387053.991997; 1.11; 0.28; -129.70
56401052.450996; 1.10; 0.28; -129.59
56417931.992996; 1.10; 0.28; -129.44
56435511.325996; 1.10; 0.28; -129.30
56449964.934998; 1.10; 0.28; -129.17
56467205.024994; 1.10; 0.28; -129.03
56480804.631996; 1.10; 0.28; -128.92
56498962.344994; 1.10; 0.28; -128.78
56513060.685997; 1.10; 0.28; -128.66
56530500.499001; 1.10; 0.28; -128.52
56545137.212997; 1.10; 0.28; -128.40
56562071.140991; 1.10; 0.28; -128.27
56577521.932991; 1.10; 0.28; -128.16
56595297.934998; 1.10; 0.28; -128.00
56608754.396996; 1.10; 0.28; -127.93
56626041.709999; 1.10; 0.28; -127.84
56640721.667000; 1.10; 0.28; -127.77
56657937.509003; 1.10; 0.28; -127.67
56672766.975998; 1.10; 0.28; -127.60
56689359.627998; 1.10; 0.27; -127.51
56705775.181000; 1.10; 0.27; -127.39
56720963.178001; 1.10; 0.27; -127.28
56736841.189995; 1.10; 0.27; -127.17
56752735.625992; 1.10; 0.27; -127.05
56771315.111000; 1.10; 0.27; -126.90
56785209.087997; 1.10; 0.27; -126.80
56800759.902992; 1.10; 0.27; -126.69
56816726.359993; 1.10; 0.27; -126.58
56835971.975998; 1.10; 0.27; -126.44
56848694.577995; 1.10; 0.27; -126.36
56864754.083000; 1.10; 0.27; -126.23
56880779.903999; 1.10; 0.27; -126.12
56898870.099998; 1.10; 0.27; -125.99
56912891.449997; 1.10; 0.27; -125.90
56928719.653000; 1.09; 0.27; -125.77
56946757.813995; 1.09; 0.27; -125.64
56961258.250000; 1.09; 0.27; -125.54
56978670.850998; 1.09; 0.27; -125.41
56994016.569992; 1.09; 0.27; -125.30
57010062.792999; 1.09; 0.27; -125.22
57024777.140999; 1.09; 0.27; -125.16
57042701.346001; 1.09; 0.27; -125.09
57057353.801003; 1.09; 0.27; -125.02
57072714.940994; 1.09; 0.27; -124.96
57088808.492996; 1.09; 0.27; -124.88
57106080.954002; 1.09; 0.27; -124.81
57124805.638000; 1.09; 0.27; -124.74
57139731.728996; 1.09; 0.27; -124.68
57155549.787003; 1.09; 0.27; -124.61
57171065.318993; 1.09; 0.27; -124.55
57186669.931000; 1.09; 0.27; -124.49
57200709.648994; 1.09; 0.27; -124.44
57216730.078995; 1.09; 0.27; -124.37
57233049.687996; 1.09; 0.26; -124.31
57249477.139000; 1.09; 0.26; -124.24
57264719.966995; 1.09; 0.26; -124.18
57282222.243996; 1.09; 0.26; -124.11
57298135.589996; 1.09; 0.26; -124.05
57314568.952995; 1.09; 0.26; -123.98
57328820.568001; 1.09; 0.26; -123.93
57345083.084999; 1.09; 0.26; -123.86
57360750.875992; 1.09; 0.26; -123.80
57378445.476997; 1.09; 0.26; -123.73
57392745.255997; 1.09; 0.26; -123.68
57410867.692993; 1.09; 0.26; -123.57
57424745.174995; 1.09; 0.26; -123.48
57441191.806999; 1.09; 0.26; -123.37
57458060.583992; 1.09; 0.26; -123.27
57472770.009995; 1.09; 0.26; -123.18
57488760.647995; 1.09; 0.26; -123.08
57504801.833000; 1.09; 0.26; -122.97
57521325.846001; 1.09; 0.26; -122.87
57537251.762993; 1.09; 0.26; -122.76
57553844.935997; 1.09; 0.26; -122.66
57569118.886002; 1.09; 0.26; -122.57
57585978.174995; 1.09; 0.26; -122.46
57603490.497002; 1.09; 0.26; -122.35
57616726.614998; 1.09; 0.26; -122.27
57634517.237000; 1.09; 0.26; -122.16
57648787.834991; 1.09; 0.26; -122.08
57666805.700996; 1.09; 0.26; -121.97
57681337.448990; 1.09; 0.26; -121.89
57698389.801003; 1.09; 0.26; -121.80
57712721.368996; 1.09; 0.26; -121.75
57729761.435997; 1.09; 0.26; -121.69
57744798.820999; 1.09; 0.26; -121.65
57762934.586990; 1.09; 0.26; -121.59
57777500.138000; 1.09; 0.26; -121.55
57792746.811996; 1.09; 0.26; -121.50
57808736.644997; 1.09; 0.26; -121.45
57827463.395996; 1.09; 0.26; -121.39
57841677.766998; 1.09; 0.26; -121.34
57858803.555000; 1.09; 0.26; -121.29
57873527.797997; 1.09; 0.26; -121.24
57888743.894997; 1.09; 0.26; -121.19
57904709.037003; 1.09; 0.26; -121.14
57920737.843002; 1.09; 0.26; -121.10
57938079.774994; 1.09; 0.26; -121.03
57954079.500000; 1.09; 0.26; -120.98
57968818.294998; 1.09; 0.26; -120.94
57986242.334999; 1.09; 0.26; -120.88
58002850.858002; 1.09; 0.26; -120.83
58016725.154991; 1.09; 0.26; -120.80
58032806.568001; 1.09; 0.26; -120.75
58048736.100990; 1.09; 0.26; -120.71
58065438.533997; 1.09; 0.26; -120.66
58080821.090996; 1.09; 0.26; -120.62
58100940.102997; 1.09; 0.26; -120.56
58113384.364998; 1.09; 0.26; -120.53
58128737.015999; 1.09; 0.26; -120.49
58144911.924995; 1.09; 0.26; -120.44
58161051.280998; 1.09; 0.26; -120.39
58177642.251999; 1.09; 0.26; -120.35
58192746.470001; 1.09; 0.26; -120.31
58209828.954994; 1.09; 0.26; -120.26
58225550.273994; 1.09; 0.26; -120.21
58240775.172997; 1.09; 0.26; -120.18
58258112.436996; 1.09; 0.26; -120.12
58272690.362000; 1.09; 0.26; -120.08
58290682.676994; 1.09; 0.26; -120.03
58306540.373993; 1.09; 0.26; -119.99
58322397.038994; 1.09; 0.26; -119.95
58339641.431992; 1.09; 0.26; -119.90
58355033.937996; 1.09; 0.26; -119.86
58369624.006996; 1.09; 0.26; -119.82
58384692.570000; 1.09; 0.26; -119.78
58403211.406998; 1.09; 0.26; -119.73
58417310.409996; 1.09; 0.26; -119.69
58434370.316994; 1.09; 0.26; -119.65
58450860.479996; 1.09; 0.26; -119.61
58466539.994995; 1.09; 0.26; -119.58
58482285.458992; 1.09; 0.26; -119.54
58500734.601997; 1.09; 0.26; -119.50
58512752.272995; 1.09; 0.26; -119.47
58530108.287994; 1.09; 0.26; -119.42
58545725.487991; 1.08; 0.25; -119.39
58560720.643997; 1.08; 0.25; -119.35
58576743.061996; 1.08; 0.25; -119.32
58592726.004990; 1.08; 0.25; -119.28
58610367.355995; 1.08; 0.25; -119.23
58624811.753990; 1.08; 0.25; -119.20
58642487.458992; 1.08; 0.25; -119.16
58656765.473999; 1.08; 0.25; -119.12
58672981.555000; 1.08; 0.25; -119.09
58688720.504997; 1.08; 0.25; -119.05
58705642.601997; 1.08; 0.25; -119.01
58723618.200996; 1.08; 0.25; -118.97
58737956.240997; 1.08; 0.25; -118.93
58753523.732994; 1.08; 0.25; -118.90
58768698.114998; 1.08; 0.25; -118.86
58784749.639999; 1.08; 0.25; -118.82
58800708.067001; 1.08; 0.25; -118.78
58816753.619995; 1.08; 0.25; -118.75
58832730.263000; 1.08; 0.25; -118.72
58850712.420990; 1.08; 0.25; -118.69
58866389.830002; 1.08; 0.25; -118.65
58880776.044998; 1.08; 0.25; -118.63
58896709.988998; 1.08; 0.25; -118.59
58913342.493996; 1.08; 0.25; -118.56
58928987.077995; 1.08; 0.25; -118.53
58945590.174995; 1.08; 0.25; -118.50
58960781.860001; 1.08; 0.25; -118.47
58977927.720993; 1.08; 0.25; -118.43
58993951.008995; 1.08; 0.25; -118.40
59008732.021004; 1.08; 0.25; -118.37
59027661.968002; 1.08; 0.25; -118.34
59042355.828995; 1.08; 0.25; -118.31
59056741.889000; 1.08; 0.25; -118.28
59072940.423996; 1.08; 0.25; -118.24
59088694.154999; 1.08; 0.25; -118.21
59106847.376999; 1.08; 0.25; -118.18
59122051.579994; 1.08; 0.25; -118.15
59139109.833000; 1.08; 0.25; -118.11
59154415.314995; 1.08; 0.25; -118.08
59170484.192001; 1.08; 0.25; -118.05
59185556.310997; 1.08; 0.25; -118.02
59200950.232994; 1.08; 0.25; -117.99
59216786.013992; 1.08; 0.25; -117.96
59232699.135994; 1.08; 0.25; -117.93
59251567.994995; 1.08; 0.25; -117.89
59264724.263992; 1.08; 0.25; -117.87
59281399.964996; 1.08; 0.25; -117.83
59296681.123001; 1.08; 0.25; -117.80
59312737.811996; 1.08; 0.25; -117.77
59328745.883995; 1.08; 0.25; -117.74
59344874.411995; 1.08; 0.25; -117.71
59360706.663002; 1.08; 0.25; -117.68
59376748.905998; 1.08; 0.25; -117.64
59392738.288994; 1.08; 0.25; -117.61
59408882.870995; 1.08; 0.25; -117.58
59426798.932999; 1.08; 0.25; -117.54
59443156.411995; 1.08; 0.25; -117.51
59458060.268997; 1.08; 0.25; -117.48
59472799.921997; 1.08; 0.25; -117.45
59488704.694992; 1.08; 0.25; -117.42
59504750.979996; 1.08; 0.25; -117.41
59522166.468994; 1.08; 0.25; -117.43
59538474.903000; 1.08; 0.25; -117.44
59555195.570000; 1.08; 0.25; -117.45
59569139.519997; 1.08; 0.25; -117.47
59587231.919998; 1.08; 0.25; -117.48
59600764.094002; 1.08; 0.25; -117.49
59618897.431992; 1.08; 0.25; -117.51
59633278.866997; 1.08; 0.25; -117.52
59649999.957001; 1.08; 0.25; -117.53
59664791.345001; 1.08; 0.25; -117.54
59680883.824997; 1.08; 0.25; -117.55
59696765.137001; 1.08; 0.25; -117.57
59714893.739998; 1.08; 0.25; -117.58
59729743.600998; 1.08; 0.25; -117.59
59744770.684998; 1.08; 0.25; -117.60
59760817.373993; 1.08; 0.25; -117.62
59777850.701996; 1.08; 0.25; -117.63
59792772.764992; 1.08; 0.25; -117.64
59810203.247993; 1.08; 0.25; -117.66
59824759.198997; 1.08; 0.25; -117.67
59842176.755997; 1.08; 0.25; -117.68
59856725.934998; 1.08; 0.25; -117.69
59872701.483002; 1.08; 0.25; -117.70
59889262.896996; 1.08; 0.25; -117.72
59904761.394997; 1.08; 0.25; -117.73
59921009.667999; 1.08; 0.25; -117.74
59939233.303993; 1.08; 0.25; -117.76
59952689.874001; 1.08; 0.25; -117.77
59968743.275002; 1.08; 0.25; -117.78
59984716.321999; 1.08; 0.25; -117.79
