Time; Serial.print output 
27750000.000000;  -347.3814697265;106.5997467041;
33750000.000000;  -41.6427993774;-0.7702359676;
34741667.000000;  -38.3856048583;0.2588188886;
35750000.000000;  -20.3856048583;0.5446388244;
36741667.000000;  -12.3856048583;0.6560589790;
37750000.000000;  -12.3856048583;0.6560589790;
38741667.000000;  -12.3856048583;0.6560589790;
39750000.000000;  -12.3856048583;0.6560589790;
40741667.000000;  -8.4519805908;-0.7071067810;
41750000.000000;  -5.6427993774;0.0740141296;
42741667.000000;  -4.3856048583;0.7547096252;
43750000.000000;  -4.3856048583;0.7547096252;
44741667.000000;  -2.3665161132;-39.6475219726;
45750000.000000;  -0.0702133178;-112.0988159179;
46741667.000000;  23.0000000000;-155.7469177246;
47750000.000000;  -275.1300964355;-177.4196166992;
48741667.000000;  -248.4623107910;-167.6004028320;
49750000.000000;  -251.9637603759;-179.9271545410;
50741667.000000;  -246.9637603759;-180.8641815185;
51750000.000000;  -135.2102966308;5.6559925079;
52741667.000000;  -112.6135406494;4.2342128753;
53750000.000000;  -78.8024520874;-0.7257656574;
54741667.000000;  -45.2020187377;-2.8985651016;
55750000.000000;  -16.8024520874;-2.9108869552;
56741667.000000;  -9.7638568878;-0.9925461769;
57750000.000000;  -5.7449560165;0.0000000000;
58741667.000000;  -4.7263107299;0.9993908882;
59750000.000000;  -4.7263107299;0.9993908882;
60741667.000000;  -15.7400560379;-36.4953880310;
61750000.000000;  -2.3706207275;-90.9705963134;
62741667.000000;  24.2901630401;-113.1497650146;
63750000.000000;  44.0000000000;-141.7863922119;
64741667.000000;  88.4349517822;-134.7146148681;
65750000.000000;  121.5650405883;-147.2250213623;
66741667.000000;  122.5650405883;-147.1354675292;
67750000.000000;  92.0000000000;-146.2251739501;
68566667.000000;  90.0000000000;-146.0000000000;
70741667.000000;  0.7902364730;0.0000000000;
71750000.000000;  0.7902364730;0.0000000000;
72741667.000000;  -8.5765504837;-36.3410110473;
73750000.000000;  -5.3048477172;-99.7441024780;
74741667.000000;  31.0856170654;-116.2678604125;
75750000.000000;  57.4349479675;-140.8039855957;
76741667.000000;  85.8014068603;-130.8076019287;
77750000.000000;  94.3099288940;-144.5461425781;
78708333.000000;  113.8014068603;-147.0151672363;
79750000.000000;  -89.8184585571;0.0000000000;
80741667.000000;  -79.5907440185;2.9544231414;
81750000.000000;  -52.4121932983;0.1723492717;
82741667.000000;  -34.4121932983;-0.2698447704;
83750000.000000;  -27.4121932983;-0.4370161056;
84741667.000000;  -16.4151763916;-1.6468861103;
85750000.000000;  -13.0000000000;-0.5244679927;
86741667.000000;  -5.0000000000;1.1705062389;
87750000.000000;  -4.0000000000;1.1370770931;
88741667.000000;  -5.0000000000;1.1705062389;
89750000.000000;  -3.6846847534;-38.0117492675;
90741667.000000;  8.9059371948;-100.7491989135;
91750000.000000;  16.1027297973;-126.8759384155;
92741667.000000;  47.4349517822;-132.5128173828;
93750000.000000;  179.0000000000;-140.9436035156;
94450000.000000;  194.0000000000;-139.2361145019;
95750000.000000;  268.2097778320;0.0000000000;
96741667.000000;  257.2097778320;0.0000000000;
97750000.000000;  246.0250549316;-2.7815515995;
98741667.000000;  231.4198150634;-1.5972709655;
99750000.000000;  207.1987152099;1.7658951282;
100741667.000000;  194.8147430419;-0.2756373643;
101750000.000000;  187.8308563232;-2.1318111419;
102741667.000000;  174.8387603759;-2.9229356765;
103750000.000000;  154.4306335449;-0.1000721454;
104741667.000000;  135.4198150634;1.3639966249;
105750000.000000;  116.8228454589;0.4134761333;
106741667.000000;  98.8228454589;0.8111596107;
107750000.000000;  65.8228454589;1.3112359046;
108741667.000000;  43.2151641845;0.7193398952;
109750000.000000;  37.2097625732;0.0000000000;
110741667.000000;  37.2097625732;0.0000000000;
111750000.000000;  37.2097625732;0.0000000000;
112741667.000000;  30.8228454589;1.3779673576;
113750000.000000;  19.2097625732;0.0000000000;
114741667.000000;  14.2097625732;0.0000000000;
115750000.000000;  14.2097625732;0.0000000000;
116741667.000000;  14.2097625732;0.0000000000;
117750000.000000;  11.2042846679;-0.9781476020;
118741667.000000;  10.2042846679;-0.9816272735;
119750000.000000;  10.2042846679;-0.9816272735;
120741667.000000;  10.2042846679;-0.9816272735;
121750000.000000;  10.2042846679;-0.9816272735;
122741667.000000;  10.2042846679;-0.9816272735;
123750000.000000;  10.2042846679;-0.9816272735;
124741667.000000;  10.2042846679;-0.9816272735;
125541667.000000;  10.2042846679;-0.9816272735;
126750000.000000;  4.2042846679;-0.9961947441;
127741667.000000;  3.2042846679;-0.9975640296;
128750000.000000;  350.8493041992;-36.2209014892;
129741667.000000;  -6.6763916015;-100.7450561523;
130750000.000000;  25.1859283447;-114.1853713989;
131741667.000000;  48.1301040649;-140.9367218017;
132750000.000000;  91.5650482177;-130.6304473876;
133741667.000000;  -238.4349517822;-145.7930450439;
134741667.000000;  -214.0000000000;-145.0624389648;
135750000.000000;  84.7794876098;-1.0990501594;
136741667.000000;  55.7794876098;-1.3927284431;
137750000.000000;  34.3871231079;0.0000000000;
138741667.000000;  29.3871231079;0.0000000000;
139750000.000000;  20.7848281860;-2.2214052677;
140741667.000000;  8.7794876098;-1.1294412612;
141750000.000000;  8.7794876098;-1.1294412612;
142741667.000000;  6.7742156982;-0.1045284986;
143750000.000000;  4.7742156982;-0.0697565984;
144741667.000000;  4.7742156982;-0.0697565984;
145750000.000000;  -4.5025787353;-34.0566940307;
146741667.000000;  -1.8140716552;-102.7976684570;
147750000.000000;  19.0856094360;-129.4340515136;
148741667.000000;  68.9637603759;-145.5386810302;
149750000.000000;  91.4349517822;-141.9046630859;
